SN:3K60180500001585 BD:Jul 23 2018 VC:834b9c1 MD5:48f99e4865ed8b810be1bb0eaaabf929
SysTime,                      Time,         Batt_v,      Batt_v_sd,   BATT_PERCENT,BATT_PERCENT_sd,      [CH4]_ppm,   [CH4]_ppm_sd,      [H2O]_ppm,   [H2O]_ppm_sd,     [H2Oa]_ppm,  [H2Oa]_ppm_sd,      [CO2]_ppm,   [CO2]_ppm_sd,     [CH4]d_ppm,  [CH4]d_ppm_sd,     [CO2]d_ppm,  [CO2]d_ppm_sd,      GasP_torr,   GasP_torr_sd,         GasT_C,      GasT_C_sd,         AmbT_C,      AmbT_C_sd,         RD0_us,      RD0_us_sd,         RD1_us,      RD1_us_sd, Temp_Status_mA,Temp_Status_mA_sd,Analyzer_Status_mA,Analyzer_Status_mA_sd,       Fit_Flag,      MIU_VALVE,       MIU_DESC
07/09/2024 16:34:04.092, 07/09/2024 16:34:04.041, 4.11422e+0, 0.00000e+0, 9.84263e+1, 0.00000e+0, 1.68948e+0, 0.00000e+0, 1.83721e+4, 0.00000e+0, 2.44520e+4, 0.00000e+0, 4.12351e+2, 0.00000e+0, 1.72110e+0, 0.00000e+0, 4.20068e+2, 0.00000e+0, 5.03685e+2, 0.00000e+0, 3.64940e+1, 0.00000e+0, 3.61154e+1, 0.00000e+0, 2.65464e+0, 0.00000e+0, 2.35920e+0, 0.00000e+0, 2.00000e+1, 0.00000e+0, 1.50000e+1, 0.00000e+0, 2, -1, Disabled
07/09/2024 16:34:05.091, 07/09/2024 16:34:05.036, 4.11402e+0, 0.00000e+0, 9.84215e+1, 0.00000e+0, 1.70911e+0, 0.00000e+0, 2.02573e+4, 0.00000e+0, 2.59643e+4, 0.00000e+0, 4.14522e+2, 0.00000e+0, 1.74445e+0, 0.00000e+0, 4.23092e+2, 0.00000e+0, 5.03489e+2, 0.00000e+0, 3.64921e+1, 0.00000e+0, 3.61068e+1, 0.00000e+0, 2.65585e+0, 0.00000e+0, 2.35930e+0, 0.00000e+0, 2.00000e+1, 0.00000e+0, 1.50000e+1, 0.00000e+0, 2, -1, Disabled
07/09/2024 16:34:06.116, 07/09/2024 16:34:06.030, 4.11499e+0, 0.00000e+0, 9.84447e+1, 0.00000e+0, 1.70371e+0, 0.00000e+0, 2.07459e+4, 0.00000e+0, 2.61672e+4, 0.00000e+0, 4.12348e+2, 0.00000e+0, 1.73980e+0, 0.00000e+0, 4.21084e+2, 0.00000e+0, 5.03702e+2, 0.00000e+0, 3.64935e+1, 0.00000e+0, 3.60984e+1, 0.00000e+0, 2.65546e+0, 0.00000e+0, 2.35887e+0, 0.00000e+0, 2.00000e+1, 0.00000e+0, 1.50000e+1, 0.00000e+0, 2, -1, Disabled
07/09/2024 16:34:07.082, 07/09/2024 16:34:07.024, 4.11502e+0, 0.00000e+0, 9.84454e+1, 0.00000e+0, 1.70802e+0, 0.00000e+0, 2.09066e+4, 0.00000e+0, 2.60994e+4, 0.00000e+0, 4.11047e+2, 0.00000e+0, 1.74450e+0, 0.00000e+0, 4.19824e+2, 0.00000e+0, 5.03617e+2, 0.00000e+0, 3.64956e+1, 0.00000e+0, 3.61388e+1, 0.00000e+0, 2.65461e+0, 0.00000e+0, 2.35765e+0, 0.00000e+0, 2.00000e+1, 0.00000e+0, 1.50000e+1, 0.00000e+0, 2, -1, Disabled
07/09/2024 16:34:08.132, 07/09/2024 16:34:08.020, 4.11551e+0, 0.00000e+0, 9.84572e+1, 0.00000e+0, 1.70878e+0, 0.00000e+0, 2.14821e+4, 0.00000e+0, 2.62224e+4, 0.00000e+0, 4.13110e+2, 0.00000e+0, 1.74629e+0, 0.00000e+0, 4.22179e+2, 0.00000e+0, 5.03537e+2, 0.00000e+0, 3.64949e+1, 0.00000e+0, 3.60607e+1, 0.00000e+0, 2.65566e+0, 0.00000e+0, 2.35756e+0, 0.00000e+0, 2.00000e+1, 0.00000e+0, 1.50000e+1, 0.00000e+0, 2, -1, Disabled
07/09/2024 16:34:09.127, 07/09/2024 16:34:09.015, 4.11423e+0, 0.00000e+0, 9.84266e+1, 0.00000e+0, 1.71116e+0, 0.00000e+0, 2.15758e+4, 0.00000e+0, 2.61368e+4, 0.00000e+0, 4.09928e+2, 0.00000e+0, 1.74890e+0, 0.00000e+0, 4.18967e+2, 0.00000e+0, 5.03699e+2, 0.00000e+0, 3.64928e+1, 0.00000e+0, 3.60836e+1, 0.00000e+0, 2.65635e+0, 0.00000e+0, 2.35765e+0, 0.00000e+0, 2.00000e+1, 0.00000e+0, 1.50000e+1, 0.00000e+0, 2, -1, Disabled
07/09/2024 16:34:10.088, 07/09/2024 16:34:10.008, 4.11482e+0, 0.00000e+0, 9.84406e+1, 0.00000e+0, 1.70322e+0, 0.00000e+0, 2.10962e+4, 0.00000e+0, 2.58733e+4, 0.00000e+0, 4.12137e+2, 0.00000e+0, 1.73992e+0, 0.00000e+0, 4.21019e+2, 0.00000e+0, 5.03561e+2, 0.00000e+0, 3.64936e+1, 0.00000e+0, 3.60798e+1, 0.00000e+0, 2.65634e+0, 0.00000e+0, 2.35664e+0, 0.00000e+0, 2.00000e+1, 0.00000e+0, 1.50000e+1, 0.00000e+0, 2, -1, Disabled
07/09/2024 16:34:11.081, 07/09/2024 16:34:11.003, 4.11407e+0, 0.00000e+0, 9.84227e+1, 0.00000e+0, 1.70976e+0, 0.00000e+0, 2.11301e+4, 0.00000e+0, 2.58854e+4, 0.00000e+0, 4.13311e+2, 0.00000e+0, 1.74667e+0, 0.00000e+0, 4.22233e+2, 0.00000e+0, 5.03594e+2, 0.00000e+0, 3.64925e+1, 0.00000e+0, 3.60166e+1, 0.00000e+0, 2.65579e+0, 0.00000e+0, 2.35698e+0, 0.00000e+0, 2.00000e+1, 0.00000e+0, 1.50000e+1, 0.00000e+0, 2, -1, Disabled
07/09/2024 16:34:12.078, 07/09/2024 16:34:11.997, 4.11512e+0, 0.00000e+0, 9.84478e+1, 0.00000e+0, 1.71099e+0, 0.00000e+0, 2.14499e+4, 0.00000e+0, 2.63584e+4, 0.00000e+0, 4.13884e+2, 0.00000e+0, 1.74849e+0, 0.00000e+0, 4.22956e+2, 0.00000e+0, 5.03682e+2, 0.00000e+0, 3.64940e+1, 0.00000e+0, 3.60914e+1, 0.00000e+0, 2.65576e+0, 0.00000e+0, 2.35719e+0, 0.00000e+0, 2.00000e+1, 0.00000e+0, 1.50000e+1, 0.00000e+0, 2, -1, Disabled
07/09/2024 16:34:13.277, 07/09/2024 16:34:13.200, 4.11408e+0, 0.00000e+0, 9.84230e+1, 0.00000e+0, 1.70740e+0, 0.00000e+0, 2.17582e+4, 0.00000e+0, 2.64233e+4, 0.00000e+0, 4.13806e+2, 0.00000e+0, 1.74537e+0, 0.00000e+0, 4.23010e+2, 0.00000e+0, 5.03563e+2, 0.00000e+0, 3.64825e+1, 0.00000e+0, 3.60095e+1, 0.00000e+0, 2.65579e+0, 0.00000e+0, 2.35780e+0, 0.00000e+0, 2.00000e+1, 0.00000e+0, 1.50000e+1, 0.00000e+0, 2, -1, Disabled
07/09/2024 16:34:14.066, 07/09/2024 16:34:13.986, 4.11329e+0, 0.00000e+0, 9.84040e+1, 0.00000e+0, 1.70546e+0, 0.00000e+0, 2.19138e+4, 0.00000e+0, 2.64506e+4, 0.00000e+0, 4.09630e+2, 0.00000e+0, 1.74367e+0, 0.00000e+0, 4.18808e+2, 0.00000e+0, 5.03654e+2, 0.00000e+0, 3.64847e+1, 0.00000e+0, 3.60466e+1, 0.00000e+0, 2.65510e+0, 0.00000e+0, 2.35769e+0, 0.00000e+0, 2.00000e+1, 0.00000e+0, 1.50000e+1, 0.00000e+0, 2, -1, Disabled
07/09/2024 16:34:15.054, 07/09/2024 16:34:14.982, 4.11516e+0, 0.00000e+0, 9.84487e+1, 0.00000e+0, 1.71288e+0, 0.00000e+0, 2.19109e+4, 0.00000e+0, 2.65335e+4, 0.00000e+0, 4.05871e+2, 0.00000e+0, 1.75125e+0, 0.00000e+0, 4.14963e+2, 0.00000e+0, 5.03566e+2, 0.00000e+0, 3.64816e+1, 0.00000e+0, 3.60321e+1, 0.00000e+0, 2.65486e+0, 0.00000e+0, 2.35733e+0, 0.00000e+0, 2.00000e+1, 0.00000e+0, 1.50000e+1, 0.00000e+0, 2, -1, Disabled
07/09/2024 16:34:16.097, 07/09/2024 16:34:15.975, 4.11520e+0, 0.00000e+0, 9.84497e+1, 0.00000e+0, 1.70542e+0, 0.00000e+0, 2.21089e+4, 0.00000e+0, 2.65526e+4, 0.00000e+0, 4.08375e+2, 0.00000e+0, 1.74398e+0, 0.00000e+0, 4.17608e+2, 0.00000e+0, 5.03675e+2, 0.00000e+0, 3.64811e+1, 0.00000e+0, 3.60169e+1, 0.00000e+0, 2.65494e+0, 0.00000e+0, 2.35758e+0, 0.00000e+0, 2.00000e+1, 0.00000e+0, 1.50000e+1, 0.00000e+0, 3, -1, Disabled
07/09/2024 16:34:17.059, 07/09/2024 16:34:16.970, 4.11429e+0, 0.00000e+0, 9.84281e+1, 0.00000e+0, 1.70146e+0, 0.00000e+0, 2.24262e+4, 0.00000e+0, 2.65168e+4, 0.00000e+0, 4.10699e+2, 0.00000e+0, 1.74049e+0, 0.00000e+0, 4.20121e+2, 0.00000e+0, 5.03658e+2, 0.00000e+0, 3.64793e+1, 0.00000e+0, 3.60691e+1, 0.00000e+0, 2.65398e+0, 0.00000e+0, 2.35703e+0, 0.00000e+0, 2.00000e+1, 0.00000e+0, 1.50000e+1, 0.00000e+0, 3, -1, Disabled
07/09/2024 16:34:18.025, 07/09/2024 16:34:17.965, 4.11521e+0, 0.00000e+0, 9.84500e+1, 0.00000e+0, 1.70214e+0, 0.00000e+0, 2.26171e+4, 0.00000e+0, 2.64164e+4, 0.00000e+0, 4.07943e+2, 0.00000e+0, 1.74153e+0, 0.00000e+0, 4.17383e+2, 0.00000e+0, 5.03531e+2, 0.00000e+0, 3.64784e+1, 0.00000e+0, 3.60132e+1, 0.00000e+0, 2.65562e+0, 0.00000e+0, 2.35664e+0, 0.00000e+0, 2.00000e+1, 0.00000e+0, 1.50000e+1, 0.00000e+0, 3, -1, Disabled
07/09/2024 16:34:19.016, 07/09/2024 16:34:18.959, 4.11486e+0, 0.00000e+0, 9.84415e+1, 0.00000e+0, 1.70364e+0, 0.00000e+0, 2.27569e+4, 0.00000e+0, 2.66142e+4, 0.00000e+0, 4.10792e+2, 0.00000e+0, 1.74331e+0, 0.00000e+0, 4.20358e+2, 0.00000e+0, 5.03692e+2, 0.00000e+0, 3.64817e+1, 0.00000e+0, 3.60480e+1, 0.00000e+0, 2.65423e+0, 0.00000e+0, 2.35666e+0, 0.00000e+0, 2.00000e+1, 0.00000e+0, 1.50000e+1, 0.00000e+0, 3, -1, Disabled
07/09/2024 16:34:20.045, 07/09/2024 16:34:19.954, 4.11479e+0, 0.00000e+0, 9.84399e+1, 0.00000e+0, 1.70064e+0, 0.00000e+0, 2.28981e+4, 0.00000e+0, 2.67409e+4, 0.00000e+0, 4.09687e+2, 0.00000e+0, 1.74049e+0, 0.00000e+0, 4.19288e+2, 0.00000e+0, 5.03592e+2, 0.00000e+0, 3.64794e+1, 0.00000e+0, 3.60327e+1, 0.00000e+0, 2.65564e+0, 0.00000e+0, 2.35695e+0, 0.00000e+0, 2.00000e+1, 0.00000e+0, 1.50000e+1, 0.00000e+0, 3, -1, Disabled
07/09/2024 16:34:21.087, 07/09/2024 16:34:20.956, 4.11494e+0, 0.00000e+0, 9.84435e+1, 0.00000e+0, 1.71062e+0, 0.00000e+0, 2.25493e+4, 0.00000e+0, 2.66763e+4, 0.00000e+0, 4.07069e+2, 0.00000e+0, 1.75009e+0, 0.00000e+0, 4.16460e+2, 0.00000e+0, 5.03623e+2, 0.00000e+0, 3.64783e+1, 0.00000e+0, 3.59938e+1, 0.00000e+0, 2.65423e+0, 0.00000e+0, 2.35664e+0, 0.00000e+0, 2.00000e+1, 0.00000e+0, 1.50000e+1, 0.00000e+0, 3, -1, Disabled
07/09/2024 16:34:22.045, 07/09/2024 16:34:21.950, 4.11451e+0, 0.00000e+0, 9.84332e+1, 0.00000e+0, 1.69911e+0, 0.00000e+0, 2.27226e+4, 0.00000e+0, 2.63015e+4, 0.00000e+0, 4.06727e+2, 0.00000e+0, 1.73862e+0, 0.00000e+0, 4.16184e+2, 0.00000e+0, 5.03686e+2, 0.00000e+0, 3.64806e+1, 0.00000e+0, 3.60417e+1, 0.00000e+0, 2.65476e+0, 0.00000e+0, 2.35592e+0, 0.00000e+0, 2.00000e+1, 0.00000e+0, 1.50000e+1, 0.00000e+0, 3, -1, Disabled
07/09/2024 16:34:23.006, 07/09/2024 16:34:22.944, 4.11500e+0, 0.00000e+0, 9.84449e+1, 0.00000e+0, 1.70378e+0, 0.00000e+0, 2.29802e+4, 0.00000e+0, 2.62244e+4, 0.00000e+0, 4.08254e+2, 0.00000e+0, 1.74385e+0, 0.00000e+0, 4.17857e+2, 0.00000e+0, 5.03562e+2, 0.00000e+0, 3.64731e+1, 0.00000e+0, 3.60197e+1, 0.00000e+0, 2.65389e+0, 0.00000e+0, 2.35571e+0, 0.00000e+0, 2.00000e+1, 0.00000e+0, 1.50000e+1, 0.00000e+0, 3, -1, Disabled
07/09/2024 16:34:24.047, 07/09/2024 16:34:23.940, 4.11519e+0, 0.00000e+0, 9.84495e+1, 0.00000e+0, 1.70487e+0, 0.00000e+0, 2.28399e+4, 0.00000e+0, 2.64611e+4, 0.00000e+0, 4.08195e+2, 0.00000e+0, 1.74472e+0, 0.00000e+0, 4.17736e+2, 0.00000e+0, 5.03660e+2, 0.00000e+0, 3.64697e+1, 0.00000e+0, 3.60016e+1, 0.00000e+0, 2.65403e+0, 0.00000e+0, 2.35619e+0, 0.00000e+0, 2.00000e+1, 0.00000e+0, 1.50000e+1, 0.00000e+0, 3, -1, Disabled
07/09/2024 16:34:24.989, 07/09/2024 16:34:24.934, 4.11477e+0, 0.00000e+0, 9.84394e+1, 0.00000e+0, 1.70428e+0, 0.00000e+0, 2.31601e+4, 0.00000e+0, 2.62558e+4, 0.00000e+0, 4.09155e+2, 0.00000e+0, 1.74469e+0, 0.00000e+0, 4.18856e+2, 0.00000e+0, 5.03575e+2, 0.00000e+0, 3.64730e+1, 0.00000e+0, 3.60257e+1, 0.00000e+0, 2.65494e+0, 0.00000e+0, 2.35614e+0, 0.00000e+0, 2.00000e+1, 0.00000e+0, 1.50000e+1, 0.00000e+0, 3, -1, Disabled
07/09/2024 16:34:26.004, 07/09/2024 16:34:25.927, 4.11506e+0, 0.00000e+0, 9.84464e+1, 0.00000e+0, 1.70867e+0, 0.00000e+0, 2.29705e+4, 0.00000e+0, 2.63740e+4, 0.00000e+0, 4.08901e+2, 0.00000e+0, 1.74884e+0, 0.00000e+0, 4.18515e+2, 0.00000e+0, 5.03590e+2, 0.00000e+0, 3.64646e+1, 0.00000e+0, 3.59491e+1, 0.00000e+0, 2.65379e+0, 0.00000e+0, 2.35573e+0, 0.00000e+0, 2.00000e+1, 0.00000e+0, 1.50000e+1, 0.00000e+0, 3, -1, Disabled
07/09/2024 16:34:27.012, 07/09/2024 16:34:26.922, 4.11526e+0, 0.00000e+0, 9.84512e+1, 0.00000e+0, 1.69645e+0, 0.00000e+0, 2.30090e+4, 0.00000e+0, 2.65342e+4, 0.00000e+0, 4.07821e+2, 0.00000e+0, 1.73640e+0, 0.00000e+0, 4.17425e+2, 0.00000e+0, 5.03720e+2, 0.00000e+0, 3.64748e+1, 0.00000e+0, 3.59979e+1, 0.00000e+0, 2.65341e+0, 0.00000e+0, 2.35547e+0, 0.00000e+0, 2.00000e+1, 0.00000e+0, 1.50000e+1, 0.00000e+0, 3, -1, Disabled
07/09/2024 16:34:27.991, 07/09/2024 16:34:27.917, 4.11554e+0, 0.00000e+0, 9.84579e+1, 0.00000e+0, 1.70768e+0, 0.00000e+0, 2.32552e+4, 0.00000e+0, 2.67061e+4, 0.00000e+0, 4.03360e+2, 0.00000e+0, 1.74834e+0, 0.00000e+0, 4.12964e+2, 0.00000e+0, 5.03525e+2, 0.00000e+0, 3.64685e+1, 0.00000e+0, 3.59492e+1, 0.00000e+0, 2.65284e+0, 0.00000e+0, 2.35584e+0, 0.00000e+0, 2.00000e+1, 0.00000e+0, 1.50000e+1, 0.00000e+0, 3, -1, Disabled
07/09/2024 16:34:28.971, 07/09/2024 16:34:28.911, 4.11554e+0, 0.00000e+0, 9.84579e+1, 0.00000e+0, 1.69824e+0, 0.00000e+0, 2.31345e+4, 0.00000e+0, 2.64203e+4, 0.00000e+0, 4.07365e+2, 0.00000e+0, 1.73846e+0, 0.00000e+0, 4.17012e+2, 0.00000e+0, 5.03672e+2, 0.00000e+0, 3.64688e+1, 0.00000e+0, 3.59402e+1, 0.00000e+0, 2.65462e+0, 0.00000e+0, 2.35550e+0, 0.00000e+0, 2.00000e+1, 0.00000e+0, 1.50000e+1, 0.00000e+0, 3, -1, Disabled
07/09/2024 16:34:29.963, 07/09/2024 16:34:29.905, 4.11478e+0, 0.00000e+0, 9.84398e+1, 0.00000e+0, 1.70189e+0, 0.00000e+0, 2.29271e+4, 0.00000e+0, 2.63448e+4, 0.00000e+0, 4.04871e+2, 0.00000e+0, 1.74182e+0, 0.00000e+0, 4.14371e+2, 0.00000e+0, 5.03651e+2, 0.00000e+0, 3.64674e+1, 0.00000e+0, 3.59767e+1, 0.00000e+0, 2.65280e+0, 0.00000e+0, 2.35518e+0, 0.00000e+0, 2.00000e+1, 0.00000e+0, 1.50000e+1, 0.00000e+0, 3, -1, Disabled
07/09/2024 16:34:30.953, 07/09/2024 16:34:30.900, 4.11535e+0, 0.00000e+0, 9.84533e+1, 0.00000e+0, 1.69628e+0, 0.00000e+0, 2.33182e+4, 0.00000e+0, 2.64528e+4, 0.00000e+0, 4.05701e+2, 0.00000e+0, 1.73678e+0, 0.00000e+0, 4.15388e+2, 0.00000e+0, 5.03575e+2, 0.00000e+0, 3.64702e+1, 0.00000e+0, 3.59289e+1, 0.00000e+0, 2.65229e+0, 0.00000e+0, 2.35409e+0, 0.00000e+0, 2.00000e+1, 0.00000e+0, 1.50000e+1, 0.00000e+0, 3, -1, Disabled
07/09/2024 16:34:31.977, 07/09/2024 16:34:31.895, 4.11499e+0, 0.00000e+0, 9.84447e+1, 0.00000e+0, 1.70080e+0, 0.00000e+0, 2.34692e+4, 0.00000e+0, 2.67202e+4, 0.00000e+0, 4.05356e+2, 0.00000e+0, 1.74167e+0, 0.00000e+0, 4.15098e+2, 0.00000e+0, 5.03724e+2, 0.00000e+0, 3.64619e+1, 0.00000e+0, 3.59679e+1, 0.00000e+0, 2.65242e+0, 0.00000e+0, 2.35432e+0, 0.00000e+0, 2.00000e+1, 0.00000e+0, 1.50000e+1, 0.00000e+0, 3, -1, Disabled
07/09/2024 16:34:32.969, 07/09/2024 16:34:32.890, 4.11495e+0, 0.00000e+0, 9.84439e+1, 0.00000e+0, 1.69884e+0, 0.00000e+0, 2.35289e+4, 0.00000e+0, 2.66278e+4, 0.00000e+0, 4.06147e+2, 0.00000e+0, 1.73977e+0, 0.00000e+0, 4.15933e+2, 0.00000e+0, 5.03494e+2, 0.00000e+0, 3.64642e+1, 0.00000e+0, 3.59345e+1, 0.00000e+0, 2.65229e+0, 0.00000e+0, 2.35552e+0, 0.00000e+0, 2.00000e+1, 0.00000e+0, 1.50000e+1, 0.00000e+0, 3, -1, Disabled
07/09/2024 16:34:33.939, 07/09/2024 16:34:33.884, 4.11531e+0, 0.00000e+0, 9.84524e+1, 0.00000e+0, 1.70148e+0, 0.00000e+0, 2.34703e+4, 0.00000e+0, 2.65205e+4, 0.00000e+0, 4.05219e+2, 0.00000e+0, 1.74238e+0, 0.00000e+0, 4.14958e+2, 0.00000e+0, 5.03610e+2, 0.00000e+0, 3.64560e+1, 0.00000e+0, 3.59126e+1, 0.00000e+0, 2.65260e+0, 0.00000e+0, 2.35337e+0, 0.00000e+0, 2.00000e+1, 0.00000e+0, 1.50000e+1, 0.00000e+0, 3, -1, Disabled
07/09/2024 16:34:34.932, 07/09/2024 16:34:34.879, 4.11529e+0, 0.00000e+0, 9.84519e+1, 0.00000e+0, 1.70349e+0, 0.00000e+0, 2.38969e+4, 0.00000e+0, 2.69064e+4, 0.00000e+0, 4.07658e+2, 0.00000e+0, 1.74520e+0, 0.00000e+0, 4.17638e+2, 0.00000e+0, 5.03572e+2, 0.00000e+0, 3.64551e+1, 0.00000e+0, 3.59297e+1, 0.00000e+0, 2.65064e+0, 0.00000e+0, 2.35376e+0, 0.00000e+0, 2.00000e+1, 0.00000e+0, 1.50000e+1, 0.00000e+0, 3, -1, Disabled
07/09/2024 16:34:35.954, 07/09/2024 16:34:35.873, 4.11549e+0, 0.00000e+0, 9.84567e+1, 0.00000e+0, 1.70413e+0, 0.00000e+0, 2.37781e+4, 0.00000e+0, 2.67778e+4, 0.00000e+0, 4.07134e+2, 0.00000e+0, 1.74564e+0, 0.00000e+0, 4.17050e+2, 0.00000e+0, 5.03527e+2, 0.00000e+0, 3.64547e+1, 0.00000e+0, 3.58900e+1, 0.00000e+0, 2.65139e+0, 0.00000e+0, 2.35213e+0, 0.00000e+0, 2.00000e+1, 0.00000e+0, 1.50000e+1, 0.00000e+0, 3, -1, Disabled
07/09/2024 16:34:36.938, 07/09/2024 16:34:36.867, 4.11512e+0, 0.00000e+0, 9.84478e+1, 0.00000e+0, 1.69309e+0, 0.00000e+0, 2.38045e+4, 0.00000e+0, 2.67124e+4, 0.00000e+0, 4.06358e+2, 0.00000e+0, 1.73438e+0, 0.00000e+0, 4.16267e+2, 0.00000e+0, 5.03706e+2, 0.00000e+0, 3.64556e+1, 0.00000e+0, 3.59277e+1, 0.00000e+0, 2.65063e+0, 0.00000e+0, 2.35362e+0, 0.00000e+0, 2.00000e+1, 0.00000e+0, 1.50000e+1, 0.00000e+0, 3, -1, Disabled
07/09/2024 16:34:37.919, 07/09/2024 16:34:37.863, 4.11512e+0, 0.00000e+0, 9.84477e+1, 0.00000e+0, 1.70749e+0, 0.00000e+0, 2.37719e+4, 0.00000e+0, 2.65331e+4, 0.00000e+0, 4.05746e+2, 0.00000e+0, 1.74907e+0, 0.00000e+0, 4.15626e+2, 0.00000e+0, 5.03525e+2, 0.00000e+0, 3.64530e+1, 0.00000e+0, 3.59149e+1, 0.00000e+0, 2.65030e+0, 0.00000e+0, 2.35387e+0, 0.00000e+0, 2.00000e+1, 0.00000e+0, 1.50000e+1, 0.00000e+0, 3, -1, Disabled
07/09/2024 16:34:38.913, 07/09/2024 16:34:38.856, 4.11511e+0, 0.00000e+0, 9.84476e+1, 0.00000e+0, 1.70665e+0, 0.00000e+0, 2.36023e+4, 0.00000e+0, 2.65551e+4, 0.00000e+0, 4.04836e+2, 0.00000e+0, 1.74791e+0, 0.00000e+0, 4.14622e+2, 0.00000e+0, 5.03675e+2, 0.00000e+0, 3.64545e+1, 0.00000e+0, 3.58954e+1, 0.00000e+0, 2.65033e+0, 0.00000e+0, 2.35270e+0, 0.00000e+0, 2.00000e+1, 0.00000e+0, 1.50000e+1, 0.00000e+0, 3, -1, Disabled
07/09/2024 16:34:39.946, 07/09/2024 16:34:39.851, 4.11500e+0, 0.00000e+0, 9.84451e+1, 0.00000e+0, 1.70772e+0, 0.00000e+0, 2.40983e+4, 0.00000e+0, 2.65009e+4, 0.00000e+0, 4.04449e+2, 0.00000e+0, 1.74989e+0, 0.00000e+0, 4.14436e+2, 0.00000e+0, 5.03625e+2, 0.00000e+0, 3.64500e+1, 0.00000e+0, 3.59285e+1, 0.00000e+0, 2.65048e+0, 0.00000e+0, 2.35287e+0, 0.00000e+0, 2.00000e+1, 0.00000e+0, 1.50000e+1, 0.00000e+0, 3, -1, Disabled
07/09/2024 16:34:40.902, 07/09/2024 16:34:40.846, 4.11521e+0, 0.00000e+0, 9.84500e+1, 0.00000e+0, 1.70338e+0, 0.00000e+0, 2.36229e+4, 0.00000e+0, 2.65921e+4, 0.00000e+0, 4.05429e+2, 0.00000e+0, 1.74459e+0, 0.00000e+0, 4.15238e+2, 0.00000e+0, 5.03510e+2, 0.00000e+0, 3.64507e+1, 0.00000e+0, 3.58861e+1, 0.00000e+0, 2.64894e+0, 0.00000e+0, 2.35218e+0, 0.00000e+0, 2.00000e+1, 0.00000e+0, 1.50000e+1, 0.00000e+0, 3, -1, Disabled
07/09/2024 16:34:41.960, 07/09/2024 16:34:41.841, 4.11508e+0, 0.00000e+0, 9.84470e+1, 0.00000e+0, 1.70009e+0, 0.00000e+0, 2.36086e+4, 0.00000e+0, 2.63000e+4, 0.00000e+0, 4.05749e+2, 0.00000e+0, 1.74120e+0, 0.00000e+0, 4.15560e+2, 0.00000e+0, 5.03669e+2, 0.00000e+0, 3.64518e+1, 0.00000e+0, 3.59161e+1, 0.00000e+0, 2.64786e+0, 0.00000e+0, 2.35149e+0, 0.00000e+0, 2.00000e+1, 0.00000e+0, 1.50000e+1, 0.00000e+0, 3, -1, Disabled
07/09/2024 16:34:42.950, 07/09/2024 16:34:42.835, 4.11514e+0, 0.00000e+0, 9.84482e+1, 0.00000e+0, 1.69760e+0, 0.00000e+0, 2.39426e+4, 0.00000e+0, 2.66617e+4, 0.00000e+0, 4.03300e+2, 0.00000e+0, 1.73924e+0, 0.00000e+0, 4.13193e+2, 0.00000e+0, 5.03504e+2, 0.00000e+0, 3.64459e+1, 0.00000e+0, 3.58877e+1, 0.00000e+0, 2.64791e+0, 0.00000e+0, 2.35019e+0, 0.00000e+0, 2.00000e+1, 0.00000e+0, 1.50000e+1, 0.00000e+0, 3, -1, Disabled
07/09/2024 16:34:43.889, 07/09/2024 16:34:43.830, 4.11543e+0, 0.00000e+0, 9.84554e+1, 0.00000e+0, 1.69865e+0, 0.00000e+0, 2.35857e+4, 0.00000e+0, 2.63212e+4, 0.00000e+0, 4.05558e+2, 0.00000e+0, 1.73968e+0, 0.00000e+0, 4.15355e+2, 0.00000e+0, 5.03608e+2, 0.00000e+0, 3.64444e+1, 0.00000e+0, 3.58570e+1, 0.00000e+0, 2.64719e+0, 0.00000e+0, 2.35059e+0, 0.00000e+0, 2.00000e+1, 0.00000e+0, 1.50000e+1, 0.00000e+0, 3, -1, Disabled
07/09/2024 16:34:44.879, 07/09/2024 16:34:44.825, 4.11517e+0, 0.00000e+0, 9.84490e+1, 0.00000e+0, 1.69990e+0, 0.00000e+0, 2.37389e+4, 0.00000e+0, 2.68675e+4, 0.00000e+0, 4.02148e+2, 0.00000e+0, 1.74123e+0, 0.00000e+0, 4.11926e+2, 0.00000e+0, 5.03622e+2, 0.00000e+0, 3.64467e+1, 0.00000e+0, 3.58985e+1, 0.00000e+0, 2.64818e+0, 0.00000e+0, 2.35062e+0, 0.00000e+0, 2.00000e+1, 0.00000e+0, 1.50000e+1, 0.00000e+0, 3, -1, Disabled
07/09/2024 16:34:45.880, 07/09/2024 16:34:45.819, 4.11567e+0, 0.00000e+0, 9.84610e+1, 0.00000e+0, 1.70646e+0, 0.00000e+0, 2.42232e+4, 0.00000e+0, 2.68864e+4, 0.00000e+0, 4.07003e+2, 0.00000e+0, 1.74882e+0, 0.00000e+0, 4.17107e+2, 0.00000e+0, 5.03522e+2, 0.00000e+0, 3.64441e+1, 0.00000e+0, 3.58412e+1, 0.00000e+0, 2.64734e+0, 0.00000e+0, 2.34977e+0, 0.00000e+0, 2.00000e+1, 0.00000e+0, 1.50000e+1, 0.00000e+0, 3, -1, Disabled
07/09/2024 16:34:46.870, 07/09/2024 16:34:46.813, 4.11545e+0, 0.00000e+0, 9.84558e+1, 0.00000e+0, 1.69907e+0, 0.00000e+0, 2.39552e+4, 0.00000e+0, 2.67378e+4, 0.00000e+0, 4.00734e+2, 0.00000e+0, 1.74077e+0, 0.00000e+0, 4.10570e+2, 0.00000e+0, 5.03702e+2, 0.00000e+0, 3.64468e+1, 0.00000e+0, 3.58647e+1, 0.00000e+0, 2.64586e+0, 0.00000e+0, 2.34932e+0, 0.00000e+0, 2.00000e+1, 0.00000e+0, 1.50000e+1, 0.00000e+0, 3, -1, Disabled
07/09/2024 16:34:47.868, 07/09/2024 16:34:47.807, 4.11507e+0, 0.00000e+0, 9.84468e+1, 0.00000e+0, 1.69912e+0, 0.00000e+0, 2.36710e+4, 0.00000e+0, 2.64850e+4, 0.00000e+0, 4.04552e+2, 0.00000e+0, 1.74032e+0, 0.00000e+0, 4.14360e+2, 0.00000e+0, 5.03510e+2, 0.00000e+0, 3.64436e+1, 0.00000e+0, 3.58646e+1, 0.00000e+0, 2.64557e+0, 0.00000e+0, 2.34967e+0, 0.00000e+0, 2.00000e+1, 0.00000e+0, 1.50000e+1, 0.00000e+0, 3, -1, Disabled
07/09/2024 16:34:48.883, 07/09/2024 16:34:48.803, 4.11514e+0, 0.00000e+0, 9.84483e+1, 0.00000e+0, 1.70483e+0, 0.00000e+0, 2.35750e+4, 0.00000e+0, 2.65668e+4, 0.00000e+0, 4.06820e+2, 0.00000e+0, 1.74599e+0, 0.00000e+0, 4.16642e+2, 0.00000e+0, 5.03662e+2, 0.00000e+0, 3.64414e+1, 0.00000e+0, 3.58420e+1, 0.00000e+0, 2.64712e+0, 0.00000e+0, 2.34939e+0, 0.00000e+0, 2.00000e+1, 0.00000e+0, 1.50000e+1, 0.00000e+0, 3, -1, Disabled
07/09/2024 16:34:49.877, 07/09/2024 16:34:49.796, 4.11523e+0, 0.00000e+0, 9.84504e+1, 0.00000e+0, 1.70247e+0, 0.00000e+0, 2.34610e+4, 0.00000e+0, 2.65339e+4, 0.00000e+0, 4.04419e+2, 0.00000e+0, 1.74337e+0, 0.00000e+0, 4.14135e+2, 0.00000e+0, 5.03592e+2, 0.00000e+0, 3.64404e+1, 0.00000e+0, 3.58841e+1, 0.00000e+0, 2.64516e+0, 0.00000e+0, 2.34851e+0, 0.00000e+0, 2.00000e+1, 0.00000e+0, 1.50000e+1, 0.00000e+0, 3, -1, Disabled
07/09/2024 16:34:50.845, 07/09/2024 16:34:50.791, 4.11570e+0, 0.00000e+0, 9.84618e+1, 0.00000e+0, 1.70076e+0, 0.00000e+0, 2.36295e+4, 0.00000e+0, 2.64650e+4, 0.00000e+0, 4.05736e+2, 0.00000e+0, 1.74192e+0, 0.00000e+0, 4.15555e+2, 0.00000e+0, 5.03560e+2, 0.00000e+0, 3.64336e+1, 0.00000e+0, 3.58234e+1, 0.00000e+0, 2.64593e+0, 0.00000e+0, 2.34825e+0, 0.00000e+0, 2.00000e+1, 0.00000e+0, 1.50000e+1, 0.00000e+0, 3, -1, Disabled
07/09/2024 16:34:51.867, 07/09/2024 16:34:51.787, 4.11539e+0, 0.00000e+0, 9.84543e+1, 0.00000e+0, 1.69908e+0, 0.00000e+0, 2.34378e+4, 0.00000e+0, 2.62942e+4, 0.00000e+0, 4.03597e+2, 0.00000e+0, 1.73985e+0, 0.00000e+0, 4.13283e+2, 0.00000e+0, 5.03650e+2, 0.00000e+0, 3.64379e+1, 0.00000e+0, 3.58561e+1, 0.00000e+0, 2.64591e+0, 0.00000e+0, 2.34940e+0, 0.00000e+0, 2.00000e+1, 0.00000e+0, 1.50000e+1, 0.00000e+0, 3, -1, Disabled
07/09/2024 16:34:52.897, 07/09/2024 16:34:52.780, 4.11528e+0, 0.00000e+0, 9.84517e+1, 0.00000e+0, 1.70154e+0, 0.00000e+0, 2.37885e+4, 0.00000e+0, 2.66534e+4, 0.00000e+0, 4.06810e+2, 0.00000e+0, 1.74300e+0, 0.00000e+0, 4.16723e+2, 0.00000e+0, 5.03480e+2, 0.00000e+0, 3.64366e+1, 0.00000e+0, 3.58243e+1, 0.00000e+0, 2.64444e+0, 0.00000e+0, 2.34813e+0, 0.00000e+0, 2.00000e+1, 0.00000e+0, 1.50000e+1, 0.00000e+0, 3, -1, Disabled
07/09/2024 16:34:53.894, 07/09/2024 16:34:53.775, 4.11562e+0, 0.00000e+0, 9.84599e+1, 0.00000e+0, 1.70429e+0, 0.00000e+0, 2.38048e+4, 0.00000e+0, 2.66296e+4, 0.00000e+0, 4.03949e+2, 0.00000e+0, 1.74585e+0, 0.00000e+0, 4.13800e+2, 0.00000e+0, 5.03601e+2, 0.00000e+0, 3.64393e+1, 0.00000e+0, 3.58110e+1, 0.00000e+0, 2.64654e+0, 0.00000e+0, 2.34823e+0, 0.00000e+0, 2.00000e+1, 0.00000e+0, 1.50000e+1, 0.00000e+0, 3, -1, Disabled
07/09/2024 16:34:54.833, 07/09/2024 16:34:54.770, 4.11472e+0, 0.00000e+0, 9.84383e+1, 0.00000e+0, 1.70426e+0, 0.00000e+0, 2.38611e+4, 0.00000e+0, 2.68334e+4, 0.00000e+0, 4.02170e+2, 0.00000e+0, 1.74592e+0, 0.00000e+0, 4.12001e+2, 0.00000e+0, 5.03570e+2, 0.00000e+0, 3.64366e+1, 0.00000e+0, 3.58576e+1, 0.00000e+0, 2.64487e+0, 0.00000e+0, 2.34822e+0, 0.00000e+0, 2.00000e+1, 0.00000e+0, 7.00000e+0, 0.00000e+0, 3, -1, Disabled
07/09/2024 16:34:55.824, 07/09/2024 16:34:55.764, 4.11559e+0, 0.00000e+0, 9.84591e+1, 0.00000e+0, 1.70288e+0, 0.00000e+0, 2.42469e+4, 0.00000e+0, 2.69881e+4, 0.00000e+0, 4.04111e+2, 0.00000e+0, 1.74520e+0, 0.00000e+0, 4.14153e+2, 0.00000e+0, 5.03530e+2, 0.00000e+0, 3.64321e+1, 0.00000e+0, 3.57987e+1, 0.00000e+0, 2.64532e+0, 0.00000e+0, 2.34879e+0, 0.00000e+0, 2.00000e+1, 0.00000e+0, 7.00000e+0, 0.00000e+0, 3, -1, Disabled
07/09/2024 16:34:56.841, 07/09/2024 16:34:56.759, 4.11532e+0, 0.00000e+0, 9.84525e+1, 0.00000e+0, 1.70797e+0, 0.00000e+0, 2.39974e+4, 0.00000e+0, 2.68072e+4, 0.00000e+0, 4.03229e+2, 0.00000e+0, 1.74996e+0, 0.00000e+0, 4.13143e+2, 0.00000e+0, 5.03675e+2, 0.00000e+0, 3.64332e+1, 0.00000e+0, 3.58415e+1, 0.00000e+0, 2.64536e+0, 0.00000e+0, 2.34892e+0, 0.00000e+0, 2.00000e+1, 0.00000e+0, 7.00000e+0, 0.00000e+0, 3, -1, Disabled
07/09/2024 16:34:57.810, 07/09/2024 16:34:57.753, 4.11524e+0, 0.00000e+0, 9.84508e+1, 0.00000e+0, 1.70809e+0, 0.00000e+0, 2.40289e+4, 0.00000e+0, 2.66259e+4, 0.00000e+0, 4.02627e+2, 0.00000e+0, 1.75015e+0, 0.00000e+0, 4.12540e+2, 0.00000e+0, 5.03494e+2, 0.00000e+0, 3.64294e+1, 0.00000e+0, 3.58308e+1, 0.00000e+0, 2.64549e+0, 0.00000e+0, 2.34932e+0, 0.00000e+0, 2.00000e+1, 0.00000e+0, 7.00000e+0, 0.00000e+0, 3, -1, Disabled
07/09/2024 16:34:58.800, 07/09/2024 16:34:58.748, 4.11578e+0, 0.00000e+0, 9.84637e+1, 0.00000e+0, 1.69987e+0, 0.00000e+0, 2.37716e+4, 0.00000e+0, 2.68128e+4, 0.00000e+0, 4.02580e+2, 0.00000e+0, 1.74126e+0, 0.00000e+0, 4.12383e+2, 0.00000e+0, 5.03562e+2, 0.00000e+0, 3.64299e+1, 0.00000e+0, 3.57907e+1, 0.00000e+0, 2.64418e+0, 0.00000e+0, 2.34752e+0, 0.00000e+0, 2.00000e+1, 0.00000e+0, 7.00000e+0, 0.00000e+0, 3, -1, Disabled
07/09/2024 16:34:59.799, 07/09/2024 16:34:59.742, 4.11493e+0, 0.00000e+0, 9.84432e+1, 0.00000e+0, 1.70421e+0, 0.00000e+0, 2.38049e+4, 0.00000e+0, 2.66330e+4, 0.00000e+0, 4.05121e+2, 0.00000e+0, 1.74577e+0, 0.00000e+0, 4.15000e+2, 0.00000e+0, 5.03541e+2, 0.00000e+0, 3.64264e+1, 0.00000e+0, 3.58454e+1, 0.00000e+0, 2.64448e+0, 0.00000e+0, 2.34915e+0, 0.00000e+0, 2.00000e+1, 0.00000e+0, 7.00000e+0, 0.00000e+0, 3, -1, Disabled
07/09/2024 16:35:00.794, 07/09/2024 16:35:00.736, 4.11537e+0, 0.00000e+0, 9.84538e+1, 0.00000e+0, 1.69971e+0, 0.00000e+0, 2.39097e+4, 0.00000e+0, 2.65718e+4, 0.00000e+0, 4.02881e+2, 0.00000e+0, 1.74134e+0, 0.00000e+0, 4.12750e+2, 0.00000e+0, 5.03491e+2, 0.00000e+0, 3.64250e+1, 0.00000e+0, 3.57850e+1, 0.00000e+0, 2.64460e+0, 0.00000e+0, 2.34812e+0, 0.00000e+0, 2.00000e+1, 0.00000e+0, 7.00000e+0, 0.00000e+0, 3, -1, Disabled
07/09/2024 16:35:01.814, 07/09/2024 16:35:01.732, 4.11537e+0, 0.00000e+0, 9.84537e+1, 0.00000e+0, 1.70075e+0, 0.00000e+0, 2.38659e+4, 0.00000e+0, 2.65401e+4, 0.00000e+0, 4.05881e+2, 0.00000e+0, 1.74233e+0, 0.00000e+0, 4.15805e+2, 0.00000e+0, 5.03659e+2, 0.00000e+0, 3.64276e+1, 0.00000e+0, 3.58284e+1, 0.00000e+0, 2.64549e+0, 0.00000e+0, 2.34845e+0, 0.00000e+0, 2.00000e+1, 0.00000e+0, 7.00000e+0, 0.00000e+0, 3, -1, Disabled
07/09/2024 16:35:02.840, 07/09/2024 16:35:02.726, 4.11504e+0, 0.00000e+0, 9.84460e+1, 0.00000e+0, 1.70512e+0, 0.00000e+0, 2.40242e+4, 0.00000e+0, 2.67851e+4, 0.00000e+0, 4.06266e+2, 0.00000e+0, 1.74709e+0, 0.00000e+0, 4.16266e+2, 0.00000e+0, 5.03463e+2, 0.00000e+0, 3.64268e+1, 0.00000e+0, 3.57955e+1, 0.00000e+0, 2.64412e+0, 0.00000e+0, 2.34883e+0, 0.00000e+0, 2.00000e+1, 0.00000e+0, 7.00000e+0, 0.00000e+0, 3, -1, Disabled
07/09/2024 16:35:03.838, 07/09/2024 16:35:03.721, 4.11543e+0, 0.00000e+0, 9.84553e+1, 0.00000e+0, 1.69234e+0, 0.00000e+0, 2.40011e+4, 0.00000e+0, 2.66522e+4, 0.00000e+0, 4.07379e+2, 0.00000e+0, 1.73396e+0, 0.00000e+0, 4.17397e+2, 0.00000e+0, 5.03612e+2, 0.00000e+0, 3.64303e+1, 0.00000e+0, 3.57944e+1, 0.00000e+0, 2.64432e+0, 0.00000e+0, 2.34917e+0, 0.00000e+0, 2.00000e+1, 0.00000e+0, 7.00000e+0, 0.00000e+0, 3, -1, Disabled
07/09/2024 16:35:04.792, 07/09/2024 16:35:04.715, 4.11511e+0, 0.00000e+0, 9.84476e+1, 0.00000e+0, 1.70356e+0, 0.00000e+0, 2.38337e+4, 0.00000e+0, 2.66547e+4, 0.00000e+0, 4.08173e+2, 0.00000e+0, 1.74515e+0, 0.00000e+0, 4.18139e+2, 0.00000e+0, 5.03597e+2, 0.00000e+0, 3.64241e+1, 0.00000e+0, 3.58334e+1, 0.00000e+0, 2.64508e+0, 0.00000e+0, 2.34891e+0, 0.00000e+0, 2.00000e+1, 0.00000e+0, 7.00000e+0, 0.00000e+0, 3, -1, Disabled
07/09/2024 16:35:05.790, 07/09/2024 16:35:05.710, 4.11544e+0, 0.00000e+0, 9.84554e+1, 0.00000e+0, 1.70375e+0, 0.00000e+0, 2.38640e+4, 0.00000e+0, 2.62705e+4, 0.00000e+0, 4.08500e+2, 0.00000e+0, 1.74540e+0, 0.00000e+0, 4.18487e+2, 0.00000e+0, 5.03521e+2, 0.00000e+0, 3.64235e+1, 0.00000e+0, 3.57868e+1, 0.00000e+0, 2.64505e+0, 0.00000e+0, 2.34920e+0, 0.00000e+0, 2.00000e+1, 0.00000e+0, 7.00000e+0, 0.00000e+0, 3, -1, Disabled
07/09/2024 16:35:06.777, 07/09/2024 16:35:06.705, 4.11483e+0, 0.00000e+0, 9.84409e+1, 0.00000e+0, 1.69934e+0, 0.00000e+0, 2.38314e+4, 0.00000e+0, 2.63866e+4, 0.00000e+0, 4.07365e+2, 0.00000e+0, 1.74083e+0, 0.00000e+0, 4.17310e+2, 0.00000e+0, 5.03643e+2, 0.00000e+0, 3.64208e+1, 0.00000e+0, 3.58189e+1, 0.00000e+0, 2.64465e+0, 0.00000e+0, 2.34766e+0, 0.00000e+0, 2.00000e+1, 0.00000e+0, 7.00000e+0, 0.00000e+0, 3, -1, Disabled
07/09/2024 16:35:07.780, 07/09/2024 16:35:07.698, 4.11480e+0, 0.00000e+0, 9.84403e+1, 0.00000e+0, 1.69457e+0, 0.00000e+0, 2.37448e+4, 0.00000e+0, 2.65358e+4, 0.00000e+0, 4.07842e+2, 0.00000e+0, 1.73579e+0, 0.00000e+0, 4.17762e+2, 0.00000e+0, 5.03500e+2, 0.00000e+0, 3.64192e+1, 0.00000e+0, 3.57942e+1, 0.00000e+0, 2.64539e+0, 0.00000e+0, 2.34808e+0, 0.00000e+0, 2.00000e+1, 0.00000e+0, 7.00000e+0, 0.00000e+0, 3, -1, Disabled
07/09/2024 16:35:08.773, 07/09/2024 16:35:08.693, 4.11526e+0, 0.00000e+0, 9.84512e+1, 0.00000e+0, 1.70532e+0, 0.00000e+0, 2.37778e+4, 0.00000e+0, 2.64868e+4, 0.00000e+0, 4.07887e+2, 0.00000e+0, 1.74686e+0, 0.00000e+0, 4.17822e+2, 0.00000e+0, 5.03553e+2, 0.00000e+0, 3.64128e+1, 0.00000e+0, 3.57827e+1, 0.00000e+0, 2.64615e+0, 0.00000e+0, 2.34905e+0, 0.00000e+0, 2.00000e+1, 0.00000e+0, 7.00000e+0, 0.00000e+0, 3, -1, Disabled
07/09/2024 16:35:09.741, 07/09/2024 16:35:09.688, 4.11498e+0, 0.00000e+0, 9.84444e+1, 0.00000e+0, 1.70633e+0, 0.00000e+0, 2.39229e+4, 0.00000e+0, 2.64730e+4, 0.00000e+0, 4.07322e+2, 0.00000e+0, 1.74815e+0, 0.00000e+0, 4.17305e+2, 0.00000e+0, 5.03548e+2, 0.00000e+0, 3.64176e+1, 0.00000e+0, 3.58168e+1, 0.00000e+0, 2.64589e+0, 0.00000e+0, 2.34887e+0, 0.00000e+0, 2.00000e+1, 0.00000e+0, 7.00000e+0, 0.00000e+0, 3, -1, Disabled
07/09/2024 16:35:10.756, 07/09/2024 16:35:10.683, 4.11382e+0, 0.00000e+0, 9.84167e+1, 0.00000e+0, 1.69551e+0, 0.00000e+0, 2.37965e+4, 0.00000e+0, 2.65965e+4, 0.00000e+0, 4.08499e+2, 0.00000e+0, 1.73684e+0, 0.00000e+0, 4.18457e+2, 0.00000e+0, 5.03458e+2, 0.00000e+0, 3.64233e+1, 0.00000e+0, 3.57565e+1, 0.00000e+0, 2.64524e+0, 0.00000e+0, 2.34782e+0, 0.00000e+0, 2.00000e+1, 0.00000e+0, 7.00000e+0, 0.00000e+0, 3, -1, Disabled
07/09/2024 16:35:11.769, 07/09/2024 16:35:11.676, 4.11398e+0, 0.00000e+0, 9.84206e+1, 0.00000e+0, 1.68866e+0, 0.00000e+0, 2.39026e+4, 0.00000e+0, 2.67712e+4, 0.00000e+0, 4.08580e+2, 0.00000e+0, 1.73001e+0, 0.00000e+0, 4.18585e+2, 0.00000e+0, 5.03650e+2, 0.00000e+0, 3.64242e+1, 0.00000e+0, 3.57981e+1, 0.00000e+0, 2.64513e+0, 0.00000e+0, 2.34840e+0, 0.00000e+0, 2.00000e+1, 0.00000e+0, 7.00000e+0, 0.00000e+0, 3, -1, Disabled
07/09/2024 16:35:12.751, 07/09/2024 16:35:12.671, 4.11488e+0, 0.00000e+0, 9.84421e+1, 0.00000e+0, 1.69854e+0, 0.00000e+0, 2.39328e+4, 0.00000e+0, 2.63461e+4, 0.00000e+0, 4.07560e+2, 0.00000e+0, 1.74019e+0, 0.00000e+0, 4.17553e+2, 0.00000e+0, 5.03489e+2, 0.00000e+0, 3.64193e+1, 0.00000e+0, 3.57797e+1, 0.00000e+0, 2.64604e+0, 0.00000e+0, 2.34872e+0, 0.00000e+0, 2.00000e+1, 0.00000e+0, 7.00000e+0, 0.00000e+0, 3, -1, Disabled
07/09/2024 16:35:13.749, 07/09/2024 16:35:13.666, 4.11361e+0, 0.00000e+0, 9.84118e+1, 0.00000e+0, 1.69513e+0, 0.00000e+0, 2.43252e+4, 0.00000e+0, 2.65928e+4, 0.00000e+0, 4.10220e+2, 0.00000e+0, 1.73739e+0, 0.00000e+0, 4.20448e+2, 0.00000e+0, 5.03540e+2, 0.00000e+0, 3.64108e+1, 0.00000e+0, 3.57515e+1, 0.00000e+0, 2.64693e+0, 0.00000e+0, 2.34834e+0, 0.00000e+0, 2.00000e+1, 0.00000e+0, 7.00000e+0, 0.00000e+0, 3, -1, Disabled
07/09/2024 16:35:14.799, 07/09/2024 16:35:14.687, 4.11095e+0, 0.00000e+0, 9.83481e+1, 0.00000e+0, 1.70261e+0, 0.00000e+0, 2.37531e+4, 0.00000e+0, 2.64153e+4, 0.00000e+0, 4.10791e+2, 0.00000e+0, 1.74403e+0, 0.00000e+0, 4.20786e+2, 0.00000e+0, 5.03436e+2, 0.00000e+0, 3.64327e+1, 0.00000e+0, 3.57587e+1, 0.00000e+0, 2.64588e+0, 0.00000e+0, 2.34886e+0, 0.00000e+0, 2.00000e+1, 0.00000e+0, 7.00000e+0, 0.00000e+0, 3, -1, Disabled
07/09/2024 16:35:15.715, 07/09/2024 16:35:15.662, 4.11045e+0, 0.00000e+0, 9.83362e+1, 0.00000e+0, 1.69685e+0, 0.00000e+0, 2.40129e+4, 0.00000e+0, 2.68553e+4, 0.00000e+0, 4.10289e+2, 0.00000e+0, 1.73860e+0, 0.00000e+0, 4.20384e+2, 0.00000e+0, 5.03355e+2, 0.00000e+0, 3.64263e+1, 0.00000e+0, 3.57166e+1, 0.00000e+0, 2.64741e+0, 0.00000e+0, 2.34927e+0, 0.00000e+0, 2.00000e+1, 0.00000e+0, 7.00000e+0, 0.00000e+0, 3, -1, Disabled
07/09/2024 16:35:16.971, 07/09/2024 16:35:16.784, 4.10892e+0, 0.00000e+0, 9.82996e+1, 0.00000e+0, 1.69982e+0, 0.00000e+0, 2.34496e+4, 0.00000e+0, 2.61738e+4, 0.00000e+0, 4.14415e+2, 0.00000e+0, 1.74063e+0, 0.00000e+0, 4.24367e+2, 0.00000e+0, 5.03293e+2, 0.00000e+0, 3.64315e+1, 0.00000e+0, 3.56957e+1, 0.00000e+0, 2.64856e+0, 0.00000e+0, 2.35100e+0, 0.00000e+0, 2.00000e+1, 0.00000e+0, 7.00000e+0, 0.00000e+0, 3, -1, Disabled
07/09/2024 16:35:17.705, 07/09/2024 16:35:17.652, 4.11026e+0, 0.00000e+0, 9.83315e+1, 0.00000e+0, 1.69575e+0, 0.00000e+0, 2.34847e+4, 0.00000e+0, 2.63484e+4, 0.00000e+0, 4.17121e+2, 0.00000e+0, 1.73653e+0, 0.00000e+0, 4.27153e+2, 0.00000e+0, 5.03500e+2, 0.00000e+0, 3.64176e+1, 0.00000e+0, 3.57129e+1, 0.00000e+0, 2.64735e+0, 0.00000e+0, 2.34987e+0, 0.00000e+0, 2.00000e+1, 0.00000e+0, 7.00000e+0, 0.00000e+0, 3, -1, Disabled
07/09/2024 16:35:18.702, 07/09/2024 16:35:18.645, 4.11469e+0, 0.00000e+0, 9.84374e+1, 0.00000e+0, 1.70342e+0, 0.00000e+0, 2.34077e+4, 0.00000e+0, 2.64280e+4, 0.00000e+0, 4.14526e+2, 0.00000e+0, 1.74425e+0, 0.00000e+0, 4.24461e+2, 0.00000e+0, 5.03659e+2, 0.00000e+0, 3.64148e+1, 0.00000e+0, 3.57656e+1, 0.00000e+0, 2.64685e+0, 0.00000e+0, 2.34965e+0, 0.00000e+0, 2.00000e+1, 0.00000e+0, 7.00000e+0, 0.00000e+0, 3, -1, Disabled
07/09/2024 16:35:19.756, 07/09/2024 16:35:19.640, 4.11234e+0, 0.00000e+0, 9.83813e+1, 0.00000e+0, 1.69736e+0, 0.00000e+0, 2.37644e+4, 0.00000e+0, 2.63823e+4, 0.00000e+0, 4.17227e+2, 0.00000e+0, 1.73868e+0, 0.00000e+0, 4.27383e+2, 0.00000e+0, 5.03421e+2, 0.00000e+0, 3.64225e+1, 0.00000e+0, 3.57734e+1, 0.00000e+0, 2.64704e+0, 0.00000e+0, 2.35026e+0, 0.00000e+0, 2.00000e+1, 0.00000e+0, 7.00000e+0, 0.00000e+0, 3, -1, Disabled
07/09/2024 16:35:20.697, 07/09/2024 16:35:20.634, 4.11497e+0, 0.00000e+0, 9.84442e+1, 0.00000e+0, 1.69409e+0, 0.00000e+0, 2.41396e+4, 0.00000e+0, 2.66826e+4, 0.00000e+0, 4.15301e+2, 0.00000e+0, 1.73599e+0, 0.00000e+0, 4.25574e+2, 0.00000e+0, 5.03569e+2, 0.00000e+0, 3.64051e+1, 0.00000e+0, 3.57535e+1, 0.00000e+0, 2.64877e+0, 0.00000e+0, 2.35067e+0, 0.00000e+0, 2.00000e+1, 0.00000e+0, 7.00000e+0, 0.00000e+0, 3, -1, Disabled
07/09/2024 16:35:21.706, 07/09/2024 16:35:21.630, 4.11494e+0, 0.00000e+0, 9.84435e+1, 0.00000e+0, 1.70790e+0, 0.00000e+0, 2.38083e+4, 0.00000e+0, 2.64299e+4, 0.00000e+0, 4.12539e+2, 0.00000e+0, 1.74956e+0, 0.00000e+0, 4.22600e+2, 0.00000e+0, 5.03658e+2, 0.00000e+0, 3.64031e+1, 0.00000e+0, 3.58074e+1, 0.00000e+0, 2.64904e+0, 0.00000e+0, 2.34982e+0, 0.00000e+0, 2.00000e+1, 0.00000e+0, 7.00000e+0, 0.00000e+0, 3, -1, Disabled
