SN:3K60180500001585 BD:Jul 23 2018 VC:834b9c1 MD5:48f99e4865ed8b810be1bb0eaaabf929
SysTime,                      Time,         Batt_v,      Batt_v_sd,   BATT_PERCENT,BATT_PERCENT_sd,      [CH4]_ppm,   [CH4]_ppm_sd,      [H2O]_ppm,   [H2O]_ppm_sd,     [H2Oa]_ppm,  [H2Oa]_ppm_sd,      [CO2]_ppm,   [CO2]_ppm_sd,     [CH4]d_ppm,  [CH4]d_ppm_sd,     [CO2]d_ppm,  [CO2]d_ppm_sd,      GasP_torr,   GasP_torr_sd,         GasT_C,      GasT_C_sd,         AmbT_C,      AmbT_C_sd,         RD0_us,      RD0_us_sd,         RD1_us,      RD1_us_sd, Temp_Status_mA,Temp_Status_mA_sd,Analyzer_Status_mA,Analyzer_Status_mA_sd,       Fit_Flag,      MIU_VALVE,       MIU_DESC
07/08/2024 16:29:49.793, 07/08/2024 16:29:49.734, 4.11135e+0, 0.00000e+0, 9.83576e+1, 0.00000e+0, 1.67043e+0, 0.00000e+0, 1.53363e+4, 0.00000e+0, 2.14513e+4, 0.00000e+0, 4.54693e+2, 0.00000e+0, 1.69645e+0, 0.00000e+0, 4.61775e+2, 0.00000e+0, 5.03582e+2, 0.00000e+0, 3.64042e+1, 0.00000e+0, 3.73744e+1, 0.00000e+0, 2.65470e+0, 0.00000e+0, 2.35847e+0, 0.00000e+0, 2.00000e+1, 0.00000e+0, 1.50000e+1, 0.00000e+0, 2, -1, Disabled
07/08/2024 16:29:50.808, 07/08/2024 16:29:50.728, 4.11139e+0, 0.00000e+0, 9.83586e+1, 0.00000e+0, 1.67481e+0, 0.00000e+0, 1.71770e+4, 0.00000e+0, 2.28355e+4, 0.00000e+0, 4.53178e+2, 0.00000e+0, 1.70408e+0, 0.00000e+0, 4.61098e+2, 0.00000e+0, 5.03820e+2, 0.00000e+0, 3.64060e+1, 0.00000e+0, 3.73733e+1, 0.00000e+0, 2.65544e+0, 0.00000e+0, 2.35859e+0, 0.00000e+0, 2.00000e+1, 0.00000e+0, 1.50000e+1, 0.00000e+0, 2, -1, Disabled
07/08/2024 16:29:51.783, 07/08/2024 16:29:51.723, 4.11101e+0, 0.00000e+0, 9.83496e+1, 0.00000e+0, 1.67548e+0, 0.00000e+0, 1.75291e+4, 0.00000e+0, 2.28254e+4, 0.00000e+0, 4.58183e+2, 0.00000e+0, 1.70537e+0, 0.00000e+0, 4.66358e+2, 0.00000e+0, 5.03613e+2, 0.00000e+0, 3.64011e+1, 0.00000e+0, 3.73798e+1, 0.00000e+0, 2.65540e+0, 0.00000e+0, 2.35776e+0, 0.00000e+0, 2.00000e+1, 0.00000e+0, 1.50000e+1, 0.00000e+0, 2, -1, Disabled
07/08/2024 16:29:52.775, 07/08/2024 16:29:52.718, 4.11181e+0, 0.00000e+0, 9.83687e+1, 0.00000e+0, 1.67677e+0, 0.00000e+0, 1.76070e+4, 0.00000e+0, 2.29965e+4, 0.00000e+0, 4.55596e+2, 0.00000e+0, 1.70682e+0, 0.00000e+0, 4.63762e+2, 0.00000e+0, 5.03747e+2, 0.00000e+0, 3.64001e+1, 0.00000e+0, 3.73535e+1, 0.00000e+0, 2.65598e+0, 0.00000e+0, 2.35739e+0, 0.00000e+0, 2.00000e+1, 0.00000e+0, 1.50000e+1, 0.00000e+0, 2, -1, Disabled
07/08/2024 16:29:53.830, 07/08/2024 16:29:53.713, 4.11142e+0, 0.00000e+0, 9.83592e+1, 0.00000e+0, 1.67306e+0, 0.00000e+0, 1.79941e+4, 0.00000e+0, 2.28883e+4, 0.00000e+0, 4.54415e+2, 0.00000e+0, 1.70372e+0, 0.00000e+0, 4.62742e+2, 0.00000e+0, 5.03715e+2, 0.00000e+0, 3.64018e+1, 0.00000e+0, 3.73992e+1, 0.00000e+0, 2.65509e+0, 0.00000e+0, 2.35834e+0, 0.00000e+0, 2.00000e+1, 0.00000e+0, 1.50000e+1, 0.00000e+0, 2, -1, Disabled
07/08/2024 16:29:54.766, 07/08/2024 16:29:54.707, 4.11044e+0, 0.00000e+0, 9.83359e+1, 0.00000e+0, 1.66847e+0, 0.00000e+0, 1.83014e+4, 0.00000e+0, 2.31316e+4, 0.00000e+0, 4.62179e+2, 0.00000e+0, 1.69958e+0, 0.00000e+0, 4.70796e+2, 0.00000e+0, 5.03662e+2, 0.00000e+0, 3.63960e+1, 0.00000e+0, 3.73201e+1, 0.00000e+0, 2.65706e+0, 0.00000e+0, 2.35735e+0, 0.00000e+0, 2.00000e+1, 0.00000e+0, 1.50000e+1, 0.00000e+0, 2, -1, Disabled
07/08/2024 16:29:55.817, 07/08/2024 16:29:55.701, 4.11151e+0, 0.00000e+0, 9.83615e+1, 0.00000e+0, 1.66920e+0, 0.00000e+0, 1.86052e+4, 0.00000e+0, 2.32411e+4, 0.00000e+0, 4.59476e+2, 0.00000e+0, 1.70084e+0, 0.00000e+0, 4.68187e+2, 0.00000e+0, 5.03751e+2, 0.00000e+0, 3.64016e+1, 0.00000e+0, 3.74017e+1, 0.00000e+0, 2.65543e+0, 0.00000e+0, 2.35713e+0, 0.00000e+0, 2.00000e+1, 0.00000e+0, 1.50000e+1, 0.00000e+0, 2, -1, Disabled
07/08/2024 16:29:56.773, 07/08/2024 16:29:56.696, 4.11185e+0, 0.00000e+0, 9.83696e+1, 0.00000e+0, 1.67338e+0, 0.00000e+0, 1.81071e+4, 0.00000e+0, 2.29985e+4, 0.00000e+0, 4.61321e+2, 0.00000e+0, 1.70424e+0, 0.00000e+0, 4.69828e+2, 0.00000e+0, 5.03652e+2, 0.00000e+0, 3.63995e+1, 0.00000e+0, 3.73354e+1, 0.00000e+0, 2.65531e+0, 0.00000e+0, 2.35585e+0, 0.00000e+0, 2.00000e+1, 0.00000e+0, 1.50000e+1, 0.00000e+0, 2, -1, Disabled
07/08/2024 16:29:57.762, 07/08/2024 16:29:57.690, 4.11152e+0, 0.00000e+0, 9.83616e+1, 0.00000e+0, 1.67436e+0, 0.00000e+0, 1.89769e+4, 0.00000e+0, 2.31682e+4, 0.00000e+0, 4.56538e+2, 0.00000e+0, 1.70675e+0, 0.00000e+0, 4.65369e+2, 0.00000e+0, 5.03801e+2, 0.00000e+0, 3.64013e+1, 0.00000e+0, 3.73666e+1, 0.00000e+0, 2.65569e+0, 0.00000e+0, 2.35649e+0, 0.00000e+0, 2.00000e+1, 0.00000e+0, 1.50000e+1, 0.00000e+0, 2, -1, Disabled
07/08/2024 16:29:58.772, 07/08/2024 16:29:58.686, 4.11146e+0, 0.00000e+0, 9.83603e+1, 0.00000e+0, 1.67894e+0, 0.00000e+0, 1.90943e+4, 0.00000e+0, 2.33051e+4, 0.00000e+0, 4.57909e+2, 0.00000e+0, 1.71162e+0, 0.00000e+0, 4.66823e+2, 0.00000e+0, 5.03626e+2, 0.00000e+0, 3.63998e+1, 0.00000e+0, 3.73401e+1, 0.00000e+0, 2.65408e+0, 0.00000e+0, 2.35785e+0, 0.00000e+0, 2.00000e+1, 0.00000e+0, 1.50000e+1, 0.00000e+0, 2, -1, Disabled
07/08/2024 16:29:59.753, 07/08/2024 16:29:59.679, 4.10921e+0, 0.00000e+0, 9.83065e+1, 0.00000e+0, 1.67698e+0, 0.00000e+0, 1.89339e+4, 0.00000e+0, 2.28760e+4, 0.00000e+0, 4.61958e+2, 0.00000e+0, 1.70935e+0, 0.00000e+0, 4.70873e+2, 0.00000e+0, 5.03631e+2, 0.00000e+0, 3.63921e+1, 0.00000e+0, 3.73096e+1, 0.00000e+0, 2.65512e+0, 0.00000e+0, 2.35675e+0, 0.00000e+0, 2.00000e+1, 0.00000e+0, 1.50000e+1, 0.00000e+0, 2, -1, Disabled
07/08/2024 16:30:00.757, 07/08/2024 16:30:00.674, 4.11021e+0, 0.00000e+0, 9.83304e+1, 0.00000e+0, 1.67785e+0, 0.00000e+0, 1.90026e+4, 0.00000e+0, 2.30474e+4, 0.00000e+0, 4.56702e+2, 0.00000e+0, 1.71035e+0, 0.00000e+0, 4.65548e+2, 0.00000e+0, 5.03643e+2, 0.00000e+0, 3.64042e+1, 0.00000e+0, 3.73501e+1, 0.00000e+0, 2.65562e+0, 0.00000e+0, 2.35707e+0, 0.00000e+0, 2.00000e+1, 0.00000e+0, 1.50000e+1, 0.00000e+0, 2, -1, Disabled
07/08/2024 16:30:01.786, 07/08/2024 16:30:01.668, 4.11147e+0, 0.00000e+0, 9.83605e+1, 0.00000e+0, 1.67785e+0, 0.00000e+0, 1.91082e+4, 0.00000e+0, 2.32395e+4, 0.00000e+0, 4.54698e+2, 0.00000e+0, 1.71053e+0, 0.00000e+0, 4.63556e+2, 0.00000e+0, 5.03811e+2, 0.00000e+0, 3.63932e+1, 0.00000e+0, 3.73455e+1, 0.00000e+0, 2.65431e+0, 0.00000e+0, 2.35816e+0, 0.00000e+0, 2.00000e+1, 0.00000e+0, 1.50000e+1, 0.00000e+0, 3, -1, Disabled
07/08/2024 16:30:02.762, 07/08/2024 16:30:02.663, 4.11103e+0, 0.00000e+0, 9.83501e+1, 0.00000e+0, 1.67364e+0, 0.00000e+0, 1.95128e+4, 0.00000e+0, 2.32556e+4, 0.00000e+0, 4.56704e+2, 0.00000e+0, 1.70694e+0, 0.00000e+0, 4.65793e+2, 0.00000e+0, 5.03701e+2, 0.00000e+0, 3.63964e+1, 0.00000e+0, 3.73709e+1, 0.00000e+0, 2.65696e+0, 0.00000e+0, 2.35675e+0, 0.00000e+0, 2.00000e+1, 0.00000e+0, 1.50000e+1, 0.00000e+0, 3, -1, Disabled
07/08/2024 16:30:03.739, 07/08/2024 16:30:03.658, 4.11158e+0, 0.00000e+0, 9.83632e+1, 0.00000e+0, 1.67626e+0, 0.00000e+0, 1.94056e+4, 0.00000e+0, 2.30991e+4, 0.00000e+0, 4.59202e+2, 0.00000e+0, 1.70943e+0, 0.00000e+0, 4.68289e+2, 0.00000e+0, 5.03668e+2, 0.00000e+0, 3.63964e+1, 0.00000e+0, 3.73226e+1, 0.00000e+0, 2.65550e+0, 0.00000e+0, 2.35739e+0, 0.00000e+0, 2.00000e+1, 0.00000e+0, 1.50000e+1, 0.00000e+0, 3, -1, Disabled
07/08/2024 16:30:04.721, 07/08/2024 16:30:04.652, 4.11142e+0, 0.00000e+0, 9.83593e+1, 0.00000e+0, 1.66625e+0, 0.00000e+0, 1.91248e+4, 0.00000e+0, 2.29083e+4, 0.00000e+0, 4.57785e+2, 0.00000e+0, 1.69874e+0, 0.00000e+0, 4.66711e+2, 0.00000e+0, 5.03867e+2, 0.00000e+0, 3.63911e+1, 0.00000e+0, 3.73716e+1, 0.00000e+0, 2.65642e+0, 0.00000e+0, 2.35622e+0, 0.00000e+0, 2.00000e+1, 0.00000e+0, 1.50000e+1, 0.00000e+0, 3, -1, Disabled
07/08/2024 16:30:05.703, 07/08/2024 16:30:05.646, 4.11179e+0, 0.00000e+0, 9.83683e+1, 0.00000e+0, 1.66710e+0, 0.00000e+0, 1.94031e+4, 0.00000e+0, 2.28338e+4, 0.00000e+0, 4.55067e+2, 0.00000e+0, 1.70008e+0, 0.00000e+0, 4.64071e+2, 0.00000e+0, 5.03664e+2, 0.00000e+0, 3.63956e+1, 0.00000e+0, 3.73344e+1, 0.00000e+0, 2.65686e+0, 0.00000e+0, 2.35751e+0, 0.00000e+0, 2.00000e+1, 0.00000e+0, 1.50000e+1, 0.00000e+0, 3, -1, Disabled
07/08/2024 16:30:06.722, 07/08/2024 16:30:06.642, 4.11098e+0, 0.00000e+0, 9.83487e+1, 0.00000e+0, 1.67839e+0, 0.00000e+0, 1.92890e+4, 0.00000e+0, 2.33637e+4, 0.00000e+0, 4.59699e+2, 0.00000e+0, 1.71140e+0, 0.00000e+0, 4.68741e+2, 0.00000e+0, 5.03821e+2, 0.00000e+0, 3.64011e+1, 0.00000e+0, 3.73617e+1, 0.00000e+0, 2.65598e+0, 0.00000e+0, 2.35675e+0, 0.00000e+0, 2.00000e+1, 0.00000e+0, 1.50000e+1, 0.00000e+0, 3, -1, Disabled
07/08/2024 16:30:07.707, 07/08/2024 16:30:07.637, 4.11085e+0, 0.00000e+0, 9.83457e+1, 0.00000e+0, 1.66879e+0, 0.00000e+0, 1.96524e+4, 0.00000e+0, 2.32278e+4, 0.00000e+0, 4.58487e+2, 0.00000e+0, 1.70224e+0, 0.00000e+0, 4.67678e+2, 0.00000e+0, 5.03602e+2, 0.00000e+0, 3.63967e+1, 0.00000e+0, 3.73367e+1, 0.00000e+0, 2.65593e+0, 0.00000e+0, 2.35650e+0, 0.00000e+0, 2.00000e+1, 0.00000e+0, 1.50000e+1, 0.00000e+0, 3, -1, Disabled
07/08/2024 16:30:08.714, 07/08/2024 16:30:08.630, 4.11160e+0, 0.00000e+0, 9.83638e+1, 0.00000e+0, 1.67408e+0, 0.00000e+0, 1.95933e+4, 0.00000e+0, 2.32175e+4, 0.00000e+0, 4.58973e+2, 0.00000e+0, 1.70754e+0, 0.00000e+0, 4.68146e+2, 0.00000e+0, 5.03830e+2, 0.00000e+0, 3.63867e+1, 0.00000e+0, 3.73557e+1, 0.00000e+0, 2.65539e+0, 0.00000e+0, 2.35667e+0, 0.00000e+0, 2.00000e+1, 0.00000e+0, 1.50000e+1, 0.00000e+0, 3, -1, Disabled
07/08/2024 16:30:09.707, 07/08/2024 16:30:09.624, 4.11136e+0, 0.00000e+0, 9.83578e+1, 0.00000e+0, 1.66626e+0, 0.00000e+0, 1.94103e+4, 0.00000e+0, 2.27222e+4, 0.00000e+0, 4.56388e+2, 0.00000e+0, 1.69924e+0, 0.00000e+0, 4.65422e+2, 0.00000e+0, 5.03676e+2, 0.00000e+0, 3.63883e+1, 0.00000e+0, 3.73751e+1, 0.00000e+0, 2.65641e+0, 0.00000e+0, 2.35611e+0, 0.00000e+0, 2.00000e+1, 0.00000e+0, 1.50000e+1, 0.00000e+0, 3, -1, Disabled
07/08/2024 16:30:10.678, 07/08/2024 16:30:10.619, 4.11159e+0, 0.00000e+0, 9.83635e+1, 0.00000e+0, 1.67057e+0, 0.00000e+0, 1.98591e+4, 0.00000e+0, 2.31650e+4, 0.00000e+0, 4.58649e+2, 0.00000e+0, 1.70442e+0, 0.00000e+0, 4.67942e+2, 0.00000e+0, 5.03761e+2, 0.00000e+0, 3.63889e+1, 0.00000e+0, 3.73324e+1, 0.00000e+0, 2.65633e+0, 0.00000e+0, 2.35660e+0, 0.00000e+0, 2.00000e+1, 0.00000e+0, 1.50000e+1, 0.00000e+0, 3, -1, Disabled
07/08/2024 16:30:11.669, 07/08/2024 16:30:11.613, 4.11100e+0, 0.00000e+0, 9.83492e+1, 0.00000e+0, 1.67064e+0, 0.00000e+0, 1.96606e+4, 0.00000e+0, 2.35065e+4, 0.00000e+0, 4.58450e+2, 0.00000e+0, 1.70415e+0, 0.00000e+0, 4.67644e+2, 0.00000e+0, 5.03782e+2, 0.00000e+0, 3.63908e+1, 0.00000e+0, 3.73767e+1, 0.00000e+0, 2.65537e+0, 0.00000e+0, 2.35661e+0, 0.00000e+0, 2.00000e+1, 0.00000e+0, 1.50000e+1, 0.00000e+0, 3, -1, Disabled
07/08/2024 16:30:12.700, 07/08/2024 16:30:12.608, 4.11138e+0, 0.00000e+0, 9.83583e+1, 0.00000e+0, 1.66189e+0, 0.00000e+0, 1.99773e+4, 0.00000e+0, 2.33178e+4, 0.00000e+0, 4.60822e+2, 0.00000e+0, 1.69577e+0, 0.00000e+0, 4.70216e+2, 0.00000e+0, 5.03699e+2, 0.00000e+0, 3.63899e+1, 0.00000e+0, 3.73241e+1, 0.00000e+0, 2.65787e+0, 0.00000e+0, 2.35788e+0, 0.00000e+0, 2.00000e+1, 0.00000e+0, 1.50000e+1, 0.00000e+0, 3, -1, Disabled
07/08/2024 16:30:13.653, 07/08/2024 16:30:13.602, 4.11110e+0, 0.00000e+0, 9.83518e+1, 0.00000e+0, 1.66426e+0, 0.00000e+0, 1.97960e+4, 0.00000e+0, 2.29147e+4, 0.00000e+0, 4.59045e+2, 0.00000e+0, 1.69787e+0, 0.00000e+0, 4.68316e+2, 0.00000e+0, 5.03812e+2, 0.00000e+0, 3.63861e+1, 0.00000e+0, 3.73742e+1, 0.00000e+0, 2.65572e+0, 0.00000e+0, 2.35711e+0, 0.00000e+0, 2.00000e+1, 0.00000e+0, 1.50000e+1, 0.00000e+0, 3, -1, Disabled
07/08/2024 16:30:14.673, 07/08/2024 16:30:14.598, 4.10989e+0, 0.00000e+0, 9.83228e+1, 0.00000e+0, 1.67075e+0, 0.00000e+0, 1.98110e+4, 0.00000e+0, 2.29972e+4, 0.00000e+0, 4.61339e+2, 0.00000e+0, 1.70452e+0, 0.00000e+0, 4.70663e+2, 0.00000e+0, 5.03562e+2, 0.00000e+0, 3.63857e+1, 0.00000e+0, 3.73033e+1, 0.00000e+0, 2.65786e+0, 0.00000e+0, 2.35728e+0, 0.00000e+0, 2.00000e+1, 0.00000e+0, 1.50000e+1, 0.00000e+0, 3, -1, Disabled
07/08/2024 16:30:15.726, 07/08/2024 16:30:15.593, 4.11127e+0, 0.00000e+0, 9.83557e+1, 0.00000e+0, 1.67985e+0, 0.00000e+0, 1.96835e+4, 0.00000e+0, 2.29814e+4, 0.00000e+0, 4.57535e+2, 0.00000e+0, 1.71358e+0, 0.00000e+0, 4.66721e+2, 0.00000e+0, 5.03804e+2, 0.00000e+0, 3.63873e+1, 0.00000e+0, 3.73687e+1, 0.00000e+0, 2.65672e+0, 0.00000e+0, 2.35784e+0, 0.00000e+0, 2.00000e+1, 0.00000e+0, 1.50000e+1, 0.00000e+0, 3, -1, Disabled
07/08/2024 16:30:16.701, 07/08/2024 16:30:16.586, 4.11126e+0, 0.00000e+0, 9.83555e+1, 0.00000e+0, 1.66585e+0, 0.00000e+0, 2.05889e+4, 0.00000e+0, 2.34368e+4, 0.00000e+0, 4.57415e+2, 0.00000e+0, 1.70087e+0, 0.00000e+0, 4.67030e+2, 0.00000e+0, 5.03565e+2, 0.00000e+0, 3.63821e+1, 0.00000e+0, 3.73343e+1, 0.00000e+0, 2.65752e+0, 0.00000e+0, 2.35729e+0, 0.00000e+0, 2.00000e+1, 0.00000e+0, 1.50000e+1, 0.00000e+0, 3, -1, Disabled
07/08/2024 16:30:17.643, 07/08/2024 16:30:17.581, 4.11179e+0, 0.00000e+0, 9.83683e+1, 0.00000e+0, 1.67319e+0, 0.00000e+0, 2.03455e+4, 0.00000e+0, 2.36436e+4, 0.00000e+0, 4.57488e+2, 0.00000e+0, 1.70794e+0, 0.00000e+0, 4.66989e+2, 0.00000e+0, 5.03833e+2, 0.00000e+0, 3.63815e+1, 0.00000e+0, 3.73283e+1, 0.00000e+0, 2.65799e+0, 0.00000e+0, 2.35733e+0, 0.00000e+0, 2.00000e+1, 0.00000e+0, 1.50000e+1, 0.00000e+0, 3, -1, Disabled
07/08/2024 16:30:18.653, 07/08/2024 16:30:18.576, 4.11141e+0, 0.00000e+0, 9.83590e+1, 0.00000e+0, 1.67219e+0, 0.00000e+0, 2.03653e+4, 0.00000e+0, 2.33605e+4, 0.00000e+0, 4.61870e+2, 0.00000e+0, 1.70695e+0, 0.00000e+0, 4.71471e+2, 0.00000e+0, 5.03662e+2, 0.00000e+0, 3.63798e+1, 0.00000e+0, 3.73498e+1, 0.00000e+0, 2.65759e+0, 0.00000e+0, 2.35727e+0, 0.00000e+0, 2.00000e+1, 0.00000e+0, 1.50000e+1, 0.00000e+0, 3, -1, Disabled
07/08/2024 16:30:19.634, 07/08/2024 16:30:19.570, 4.11151e+0, 0.00000e+0, 9.83614e+1, 0.00000e+0, 1.66839e+0, 0.00000e+0, 2.02046e+4, 0.00000e+0, 2.29400e+4, 0.00000e+0, 4.58837e+2, 0.00000e+0, 1.70280e+0, 0.00000e+0, 4.68299e+2, 0.00000e+0, 5.03772e+2, 0.00000e+0, 3.63815e+1, 0.00000e+0, 3.73325e+1, 0.00000e+0, 2.65792e+0, 0.00000e+0, 2.35739e+0, 0.00000e+0, 2.00000e+1, 0.00000e+0, 1.50000e+1, 0.00000e+0, 3, -1, Disabled
07/08/2024 16:30:20.623, 07/08/2024 16:30:20.564, 4.11130e+0, 0.00000e+0, 9.83564e+1, 0.00000e+0, 1.67265e+0, 0.00000e+0, 1.99062e+4, 0.00000e+0, 2.29047e+4, 0.00000e+0, 4.62081e+2, 0.00000e+0, 1.70662e+0, 0.00000e+0, 4.71466e+2, 0.00000e+0, 5.03715e+2, 0.00000e+0, 3.63791e+1, 0.00000e+0, 3.73663e+1, 0.00000e+0, 2.65676e+0, 0.00000e+0, 2.35731e+0, 0.00000e+0, 2.00000e+1, 0.00000e+0, 1.50000e+1, 0.00000e+0, 3, -1, Disabled
07/08/2024 16:30:21.618, 07/08/2024 16:30:21.559, 4.11154e+0, 0.00000e+0, 9.83622e+1, 0.00000e+0, 1.67498e+0, 0.00000e+0, 1.99918e+4, 0.00000e+0, 2.29374e+4, 0.00000e+0, 4.59028e+2, 0.00000e+0, 1.70915e+0, 0.00000e+0, 4.68392e+2, 0.00000e+0, 5.03593e+2, 0.00000e+0, 3.63819e+1, 0.00000e+0, 3.73181e+1, 0.00000e+0, 2.65799e+0, 0.00000e+0, 2.35758e+0, 0.00000e+0, 2.00000e+1, 0.00000e+0, 1.50000e+1, 0.00000e+0, 3, -1, Disabled
07/08/2024 16:30:22.633, 07/08/2024 16:30:22.554, 4.11147e+0, 0.00000e+0, 9.83605e+1, 0.00000e+0, 1.67526e+0, 0.00000e+0, 2.03216e+4, 0.00000e+0, 2.30915e+4, 0.00000e+0, 4.63196e+2, 0.00000e+0, 1.71001e+0, 0.00000e+0, 4.72804e+2, 0.00000e+0, 5.03756e+2, 0.00000e+0, 3.63774e+1, 0.00000e+0, 3.73614e+1, 0.00000e+0, 2.65892e+0, 0.00000e+0, 2.35690e+0, 0.00000e+0, 2.00000e+1, 0.00000e+0, 1.50000e+1, 0.00000e+0, 3, -1, Disabled
07/08/2024 16:30:23.636, 07/08/2024 16:30:23.548, 4.11107e+0, 0.00000e+0, 9.83510e+1, 0.00000e+0, 1.67005e+0, 0.00000e+0, 2.03389e+4, 0.00000e+0, 2.33330e+4, 0.00000e+0, 4.65534e+2, 0.00000e+0, 1.70472e+0, 0.00000e+0, 4.75199e+2, 0.00000e+0, 5.03570e+2, 0.00000e+0, 3.63822e+1, 0.00000e+0, 3.73217e+1, 0.00000e+0, 2.65777e+0, 0.00000e+0, 2.35647e+0, 0.00000e+0, 2.00000e+1, 0.00000e+0, 1.50000e+1, 0.00000e+0, 3, -1, Disabled
07/08/2024 16:30:24.638, 07/08/2024 16:30:24.542, 4.11136e+0, 0.00000e+0, 9.83580e+1, 0.00000e+0, 1.67466e+0, 0.00000e+0, 2.04940e+4, 0.00000e+0, 2.31183e+4, 0.00000e+0, 4.61070e+2, 0.00000e+0, 1.70970e+0, 0.00000e+0, 4.70717e+2, 0.00000e+0, 5.03862e+2, 0.00000e+0, 3.63795e+1, 0.00000e+0, 3.73586e+1, 0.00000e+0, 2.65746e+0, 0.00000e+0, 2.35790e+0, 0.00000e+0, 2.00000e+1, 0.00000e+0, 1.50000e+1, 0.00000e+0, 3, -1, Disabled
07/08/2024 16:30:26.073, 07/08/2024 16:30:25.993, 4.11015e+0, 0.00000e+0, 9.83290e+1, 0.00000e+0, 1.67644e+0, 0.00000e+0, 2.05103e+4, 0.00000e+0, 2.29309e+4, 0.00000e+0, 4.60353e+2, 0.00000e+0, 1.71155e+0, 0.00000e+0, 4.69992e+2, 0.00000e+0, 5.03616e+2, 0.00000e+0, 3.63754e+1, 0.00000e+0, 3.73290e+1, 0.00000e+0, 2.65973e+0, 0.00000e+0, 2.35828e+0, 0.00000e+0, 2.00000e+1, 0.00000e+0, 1.50000e+1, 0.00000e+0, 3, -1, Disabled
07/08/2024 16:30:26.608, 07/08/2024 16:30:26.531, 4.10963e+0, 0.00000e+0, 9.83165e+1, 0.00000e+0, 1.67393e+0, 0.00000e+0, 2.05826e+4, 0.00000e+0, 2.32698e+4, 0.00000e+0, 4.61869e+2, 0.00000e+0, 1.70911e+0, 0.00000e+0, 4.71575e+2, 0.00000e+0, 5.03842e+2, 0.00000e+0, 3.63894e+1, 0.00000e+0, 3.73640e+1, 0.00000e+0, 2.65889e+0, 0.00000e+0, 2.35763e+0, 0.00000e+0, 2.00000e+1, 0.00000e+0, 1.50000e+1, 0.00000e+0, 3, -1, Disabled
07/08/2024 16:30:27.585, 07/08/2024 16:30:27.526, 4.11133e+0, 0.00000e+0, 9.83571e+1, 0.00000e+0, 1.66190e+0, 0.00000e+0, 2.03948e+4, 0.00000e+0, 2.37178e+4, 0.00000e+0, 4.63606e+2, 0.00000e+0, 1.69650e+0, 0.00000e+0, 4.73258e+2, 0.00000e+0, 5.03665e+2, 0.00000e+0, 3.63767e+1, 0.00000e+0, 3.73647e+1, 0.00000e+0, 2.65877e+0, 0.00000e+0, 2.35752e+0, 0.00000e+0, 2.00000e+1, 0.00000e+0, 1.50000e+1, 0.00000e+0, 3, -1, Disabled
07/08/2024 16:30:28.598, 07/08/2024 16:30:28.521, 4.11168e+0, 0.00000e+0, 9.83656e+1, 0.00000e+0, 1.67481e+0, 0.00000e+0, 2.04692e+4, 0.00000e+0, 2.30381e+4, 0.00000e+0, 4.61776e+2, 0.00000e+0, 1.70981e+0, 0.00000e+0, 4.71426e+2, 0.00000e+0, 5.03650e+2, 0.00000e+0, 3.63724e+1, 0.00000e+0, 3.73263e+1, 0.00000e+0, 2.65903e+0, 0.00000e+0, 2.35770e+0, 0.00000e+0, 2.00000e+1, 0.00000e+0, 1.50000e+1, 0.00000e+0, 3, -1, Disabled
07/08/2024 16:30:29.571, 07/08/2024 16:30:29.515, 4.11133e+0, 0.00000e+0, 9.83571e+1, 0.00000e+0, 1.67600e+0, 0.00000e+0, 2.05045e+4, 0.00000e+0, 2.33211e+4, 0.00000e+0, 4.64411e+2, 0.00000e+0, 1.71109e+0, 0.00000e+0, 4.74133e+2, 0.00000e+0, 5.03788e+2, 0.00000e+0, 3.63728e+1, 0.00000e+0, 3.73811e+1, 0.00000e+0, 2.65968e+0, 0.00000e+0, 2.35713e+0, 0.00000e+0, 2.00000e+1, 0.00000e+0, 1.50000e+1, 0.00000e+0, 3, -1, Disabled
07/08/2024 16:30:30.588, 07/08/2024 16:30:30.510, 4.11178e+0, 0.00000e+0, 9.83679e+1, 0.00000e+0, 1.66505e+0, 0.00000e+0, 2.04361e+4, 0.00000e+0, 2.29539e+4, 0.00000e+0, 4.61378e+2, 0.00000e+0, 1.69979e+0, 0.00000e+0, 4.71003e+2, 0.00000e+0, 5.03674e+2, 0.00000e+0, 3.63717e+1, 0.00000e+0, 3.73301e+1, 0.00000e+0, 2.65890e+0, 0.00000e+0, 2.35719e+0, 0.00000e+0, 2.00000e+1, 0.00000e+0, 1.50000e+1, 0.00000e+0, 3, -1, Disabled
07/08/2024 16:30:31.568, 07/08/2024 16:30:31.504, 4.11128e+0, 0.00000e+0, 9.83560e+1, 0.00000e+0, 1.67156e+0, 0.00000e+0, 2.07071e+4, 0.00000e+0, 2.32193e+4, 0.00000e+0, 4.60062e+2, 0.00000e+0, 1.70691e+0, 0.00000e+0, 4.69790e+2, 0.00000e+0, 5.03717e+2, 0.00000e+0, 3.63724e+1, 0.00000e+0, 3.73789e+1, 0.00000e+0, 2.65842e+0, 0.00000e+0, 2.35609e+0, 0.00000e+0, 2.00000e+1, 0.00000e+0, 1.50000e+1, 0.00000e+0, 3, -1, Disabled
07/08/2024 16:30:32.556, 07/08/2024 16:30:32.499, 4.11131e+0, 0.00000e+0, 9.83567e+1, 0.00000e+0, 1.66442e+0, 0.00000e+0, 2.04527e+4, 0.00000e+0, 2.33924e+4, 0.00000e+0, 4.60861e+2, 0.00000e+0, 1.69917e+0, 0.00000e+0, 4.70484e+2, 0.00000e+0, 5.03627e+2, 0.00000e+0, 3.63728e+1, 0.00000e+0, 3.73132e+1, 0.00000e+0, 2.65841e+0, 0.00000e+0, 2.35833e+0, 0.00000e+0, 2.00000e+1, 0.00000e+0, 1.50000e+1, 0.00000e+0, 3, -1, Disabled
07/08/2024 16:30:33.549, 07/08/2024 16:30:33.494, 4.11099e+0, 0.00000e+0, 9.83491e+1, 0.00000e+0, 1.67069e+0, 0.00000e+0, 2.06052e+4, 0.00000e+0, 2.29666e+4, 0.00000e+0, 4.62146e+2, 0.00000e+0, 1.70584e+0, 0.00000e+0, 4.71869e+2, 0.00000e+0, 5.03778e+2, 0.00000e+0, 3.63778e+1, 0.00000e+0, 3.73552e+1, 0.00000e+0, 2.65880e+0, 0.00000e+0, 2.35760e+0, 0.00000e+0, 2.00000e+1, 0.00000e+0, 1.50000e+1, 0.00000e+0, 3, -1, Disabled
07/08/2024 16:30:34.838, 07/08/2024 16:30:34.763, 4.11057e+0, 0.00000e+0, 9.83391e+1, 0.00000e+0, 1.66284e+0, 0.00000e+0, 2.05185e+4, 0.00000e+0, 2.30490e+4, 0.00000e+0, 4.61308e+2, 0.00000e+0, 1.69767e+0, 0.00000e+0, 4.70971e+2, 0.00000e+0, 5.03562e+2, 0.00000e+0, 3.63684e+1, 0.00000e+0, 3.73282e+1, 0.00000e+0, 2.65850e+0, 0.00000e+0, 2.35743e+0, 0.00000e+0, 2.00000e+1, 0.00000e+0, 1.50000e+1, 0.00000e+0, 3, -1, Disabled
07/08/2024 16:30:35.535, 07/08/2024 16:30:35.482, 4.11123e+0, 0.00000e+0, 9.83547e+1, 0.00000e+0, 1.67212e+0, 0.00000e+0, 2.02249e+4, 0.00000e+0, 2.28696e+4, 0.00000e+0, 4.60399e+2, 0.00000e+0, 1.70663e+0, 0.00000e+0, 4.69903e+2, 0.00000e+0, 5.03818e+2, 0.00000e+0, 3.63700e+1, 0.00000e+0, 3.73377e+1, 0.00000e+0, 2.65900e+0, 0.00000e+0, 2.35772e+0, 0.00000e+0, 2.00000e+1, 0.00000e+0, 1.50000e+1, 0.00000e+0, 3, -1, Disabled
07/08/2024 16:30:36.555, 07/08/2024 16:30:36.477, 4.11136e+0, 0.00000e+0, 9.83578e+1, 0.00000e+0, 1.66163e+0, 0.00000e+0, 2.02475e+4, 0.00000e+0, 2.30349e+4, 0.00000e+0, 4.58090e+2, 0.00000e+0, 1.69597e+0, 0.00000e+0, 4.67557e+2, 0.00000e+0, 5.03606e+2, 0.00000e+0, 3.63702e+1, 0.00000e+0, 3.73587e+1, 0.00000e+0, 2.66058e+0, 0.00000e+0, 2.35686e+0, 0.00000e+0, 2.00000e+1, 0.00000e+0, 1.50000e+1, 0.00000e+0, 3, -1, Disabled
07/08/2024 16:30:37.524, 07/08/2024 16:30:37.472, 4.11123e+0, 0.00000e+0, 9.83549e+1, 0.00000e+0, 1.66516e+0, 0.00000e+0, 2.12730e+4, 0.00000e+0, 2.36949e+4, 0.00000e+0, 4.57237e+2, 0.00000e+0, 1.70135e+0, 0.00000e+0, 4.67175e+2, 0.00000e+0, 5.03786e+2, 0.00000e+0, 3.63681e+1, 0.00000e+0, 3.73327e+1, 0.00000e+0, 2.65829e+0, 0.00000e+0, 2.35806e+0, 0.00000e+0, 2.00000e+1, 0.00000e+0, 1.50000e+1, 0.00000e+0, 3, -1, Disabled
07/08/2024 16:30:38.525, 07/08/2024 16:30:38.467, 4.11076e+0, 0.00000e+0, 9.83436e+1, 0.00000e+0, 1.66610e+0, 0.00000e+0, 2.02344e+4, 0.00000e+0, 2.29368e+4, 0.00000e+0, 4.61689e+2, 0.00000e+0, 1.70051e+0, 0.00000e+0, 4.71224e+2, 0.00000e+0, 5.03622e+2, 0.00000e+0, 3.63683e+1, 0.00000e+0, 3.73683e+1, 0.00000e+0, 2.65917e+0, 0.00000e+0, 2.35733e+0, 0.00000e+0, 2.00000e+1, 0.00000e+0, 1.50000e+1, 0.00000e+0, 3, -1, Disabled
07/08/2024 16:30:39.531, 07/08/2024 16:30:39.460, 4.11171e+0, 0.00000e+0, 9.83662e+1, 0.00000e+0, 1.65920e+0, 0.00000e+0, 2.06858e+4, 0.00000e+0, 2.32252e+4, 0.00000e+0, 4.58911e+2, 0.00000e+0, 1.69425e+0, 0.00000e+0, 4.68605e+2, 0.00000e+0, 5.03694e+2, 0.00000e+0, 3.63684e+1, 0.00000e+0, 3.73259e+1, 0.00000e+0, 2.65897e+0, 0.00000e+0, 2.35727e+0, 0.00000e+0, 2.00000e+1, 0.00000e+0, 1.50000e+1, 0.00000e+0, 3, -1, Disabled
07/08/2024 16:30:40.539, 07/08/2024 16:30:40.456, 4.11111e+0, 0.00000e+0, 9.83519e+1, 0.00000e+0, 1.66634e+0, 0.00000e+0, 2.07903e+4, 0.00000e+0, 2.35087e+4, 0.00000e+0, 4.60058e+2, 0.00000e+0, 1.70172e+0, 0.00000e+0, 4.69826e+2, 0.00000e+0, 5.03735e+2, 0.00000e+0, 3.63681e+1, 0.00000e+0, 3.73654e+1, 0.00000e+0, 2.65882e+0, 0.00000e+0, 2.35791e+0, 0.00000e+0, 2.00000e+1, 0.00000e+0, 7.00000e+0, 0.00000e+0, 3, -1, Disabled
07/08/2024 16:30:41.532, 07/08/2024 16:30:41.451, 4.11159e+0, 0.00000e+0, 9.83635e+1, 0.00000e+0, 1.66024e+0, 0.00000e+0, 2.07377e+4, 0.00000e+0, 2.33612e+4, 0.00000e+0, 4.58749e+2, 0.00000e+0, 1.69539e+0, 0.00000e+0, 4.68464e+2, 0.00000e+0, 5.03651e+2, 0.00000e+0, 3.63626e+1, 0.00000e+0, 3.73239e+1, 0.00000e+0, 2.65810e+0, 0.00000e+0, 2.35858e+0, 0.00000e+0, 2.00000e+1, 0.00000e+0, 7.00000e+0, 0.00000e+0, 3, -1, Disabled
07/08/2024 16:30:42.522, 07/08/2024 16:30:42.444, 4.11117e+0, 0.00000e+0, 9.83534e+1, 0.00000e+0, 1.66103e+0, 0.00000e+0, 2.09423e+4, 0.00000e+0, 2.37618e+4, 0.00000e+0, 4.58768e+2, 0.00000e+0, 1.69656e+0, 0.00000e+0, 4.68581e+2, 0.00000e+0, 5.03770e+2, 0.00000e+0, 3.63683e+1, 0.00000e+0, 3.73665e+1, 0.00000e+0, 2.65808e+0, 0.00000e+0, 2.35749e+0, 0.00000e+0, 2.00000e+1, 0.00000e+0, 7.00000e+0, 0.00000e+0, 3, -1, Disabled
07/08/2024 16:30:43.518, 07/08/2024 16:30:43.440, 4.11155e+0, 0.00000e+0, 9.83625e+1, 0.00000e+0, 1.67354e+0, 0.00000e+0, 2.08323e+4, 0.00000e+0, 2.36396e+4, 0.00000e+0, 4.62535e+2, 0.00000e+0, 1.70914e+0, 0.00000e+0, 4.72376e+2, 0.00000e+0, 5.03626e+2, 0.00000e+0, 3.63648e+1, 0.00000e+0, 3.73191e+1, 0.00000e+0, 2.65775e+0, 0.00000e+0, 2.35711e+0, 0.00000e+0, 2.00000e+1, 0.00000e+0, 7.00000e+0, 0.00000e+0, 3, -1, Disabled
07/08/2024 16:30:44.494, 07/08/2024 16:30:44.434, 4.11126e+0, 0.00000e+0, 9.83554e+1, 0.00000e+0, 1.66314e+0, 0.00000e+0, 2.05666e+4, 0.00000e+0, 2.33913e+4, 0.00000e+0, 4.56404e+2, 0.00000e+0, 1.69806e+0, 0.00000e+0, 4.65988e+2, 0.00000e+0, 5.03787e+2, 0.00000e+0, 3.63646e+1, 0.00000e+0, 3.73582e+1, 0.00000e+0, 2.65615e+0, 0.00000e+0, 2.35722e+0, 0.00000e+0, 2.00000e+1, 0.00000e+0, 7.00000e+0, 0.00000e+0, 3, -1, Disabled
07/08/2024 16:30:45.483, 07/08/2024 16:30:45.428, 4.11129e+0, 0.00000e+0, 9.83563e+1, 0.00000e+0, 1.65950e+0, 0.00000e+0, 2.05896e+4, 0.00000e+0, 2.35564e+4, 0.00000e+0, 4.59951e+2, 0.00000e+0, 1.69439e+0, 0.00000e+0, 4.69620e+2, 0.00000e+0, 5.03584e+2, 0.00000e+0, 3.63658e+1, 0.00000e+0, 3.73499e+1, 0.00000e+0, 2.65732e+0, 0.00000e+0, 2.35701e+0, 0.00000e+0, 2.00000e+1, 0.00000e+0, 7.00000e+0, 0.00000e+0, 3, -1, Disabled
07/08/2024 16:30:46.476, 07/08/2024 16:30:46.423, 4.11164e+0, 0.00000e+0, 9.83647e+1, 0.00000e+0, 1.66965e+0, 0.00000e+0, 2.09463e+4, 0.00000e+0, 2.38099e+4, 0.00000e+0, 4.55766e+2, 0.00000e+0, 1.70537e+0, 0.00000e+0, 4.65517e+2, 0.00000e+0, 5.03723e+2, 0.00000e+0, 3.63636e+1, 0.00000e+0, 3.73369e+1, 0.00000e+0, 2.65809e+0, 0.00000e+0, 2.35570e+0, 0.00000e+0, 2.00000e+1, 0.00000e+0, 7.00000e+0, 0.00000e+0, 3, -1, Disabled
07/08/2024 16:30:47.500, 07/08/2024 16:30:47.417, 4.11129e+0, 0.00000e+0, 9.83563e+1, 0.00000e+0, 1.66587e+0, 0.00000e+0, 2.06088e+4, 0.00000e+0, 2.30422e+4, 0.00000e+0, 4.59142e+2, 0.00000e+0, 1.70092e+0, 0.00000e+0, 4.68803e+2, 0.00000e+0, 5.03627e+2, 0.00000e+0, 3.63645e+1, 0.00000e+0, 3.73459e+1, 0.00000e+0, 2.65735e+0, 0.00000e+0, 2.35476e+0, 0.00000e+0, 2.00000e+1, 0.00000e+0, 7.00000e+0, 0.00000e+0, 3, -1, Disabled
07/08/2024 16:30:48.487, 07/08/2024 16:30:48.413, 4.11164e+0, 0.00000e+0, 9.83647e+1, 0.00000e+0, 1.67149e+0, 0.00000e+0, 2.05317e+4, 0.00000e+0, 2.33023e+4, 0.00000e+0, 4.57405e+2, 0.00000e+0, 1.70653e+0, 0.00000e+0, 4.66993e+2, 0.00000e+0, 5.03687e+2, 0.00000e+0, 3.63687e+1, 0.00000e+0, 3.73235e+1, 0.00000e+0, 2.65704e+0, 0.00000e+0, 2.35490e+0, 0.00000e+0, 2.00000e+1, 0.00000e+0, 7.00000e+0, 0.00000e+0, 3, -1, Disabled
07/08/2024 16:30:49.548, 07/08/2024 16:30:49.481, 4.11073e+0, 0.00000e+0, 9.83427e+1, 0.00000e+0, 1.65780e+0, 0.00000e+0, 2.03979e+4, 0.00000e+0, 2.34162e+4, 0.00000e+0, 4.60514e+2, 0.00000e+0, 1.69232e+0, 0.00000e+0, 4.70103e+2, 0.00000e+0, 5.03701e+2, 0.00000e+0, 3.63591e+1, 0.00000e+0, 3.73492e+1, 0.00000e+0, 2.65654e+0, 0.00000e+0, 2.35470e+0, 0.00000e+0, 2.00000e+1, 0.00000e+0, 7.00000e+0, 0.00000e+0, 3, -1, Disabled
07/08/2024 16:30:50.487, 07/08/2024 16:30:50.408, 4.11094e+0, 0.00000e+0, 9.83479e+1, 0.00000e+0, 1.66587e+0, 0.00000e+0, 2.10297e+4, 0.00000e+0, 2.37135e+4, 0.00000e+0, 4.58543e+2, 0.00000e+0, 1.70166e+0, 0.00000e+0, 4.68393e+2, 0.00000e+0, 5.03554e+2, 0.00000e+0, 3.63655e+1, 0.00000e+0, 3.73278e+1, 0.00000e+0, 2.65794e+0, 0.00000e+0, 2.35385e+0, 0.00000e+0, 2.00000e+1, 0.00000e+0, 7.00000e+0, 0.00000e+0, 3, -1, Disabled
07/08/2024 16:30:51.464, 07/08/2024 16:30:51.403, 4.11097e+0, 0.00000e+0, 9.83486e+1, 0.00000e+0, 1.66375e+0, 0.00000e+0, 2.05619e+4, 0.00000e+0, 2.34485e+4, 0.00000e+0, 4.58490e+2, 0.00000e+0, 1.69867e+0, 0.00000e+0, 4.68115e+2, 0.00000e+0, 5.03720e+2, 0.00000e+0, 3.63665e+1, 0.00000e+0, 3.73679e+1, 0.00000e+0, 2.65775e+0, 0.00000e+0, 2.35358e+0, 0.00000e+0, 2.00000e+1, 0.00000e+0, 7.00000e+0, 0.00000e+0, 3, -1, Disabled
07/08/2024 16:30:52.478, 07/08/2024 16:30:52.397, 4.11149e+0, 0.00000e+0, 9.83611e+1, 0.00000e+0, 1.66367e+0, 0.00000e+0, 2.00946e+4, 0.00000e+0, 2.31486e+4, 0.00000e+0, 4.60035e+2, 0.00000e+0, 1.69778e+0, 0.00000e+0, 4.69469e+2, 0.00000e+0, 5.03620e+2, 0.00000e+0, 3.63691e+1, 0.00000e+0, 3.73133e+1, 0.00000e+0, 2.65695e+0, 0.00000e+0, 2.35436e+0, 0.00000e+0, 2.00000e+1, 0.00000e+0, 7.00000e+0, 0.00000e+0, 3, -1, Disabled
07/08/2024 16:30:53.472, 07/08/2024 16:30:53.391, 4.11137e+0, 0.00000e+0, 9.83581e+1, 0.00000e+0, 1.66856e+0, 0.00000e+0, 2.11565e+4, 0.00000e+0, 2.38198e+4, 0.00000e+0, 4.57436e+2, 0.00000e+0, 1.70463e+0, 0.00000e+0, 4.67323e+2, 0.00000e+0, 5.03755e+2, 0.00000e+0, 3.63620e+1, 0.00000e+0, 3.73396e+1, 0.00000e+0, 2.65632e+0, 0.00000e+0, 2.35378e+0, 0.00000e+0, 2.00000e+1, 0.00000e+0, 7.00000e+0, 0.00000e+0, 3, -1, Disabled
07/08/2024 16:30:54.442, 07/08/2024 16:30:54.387, 4.11115e+0, 0.00000e+0, 9.83529e+1, 0.00000e+0, 1.66981e+0, 0.00000e+0, 2.08061e+4, 0.00000e+0, 2.38017e+4, 0.00000e+0, 4.56300e+2, 0.00000e+0, 1.70529e+0, 0.00000e+0, 4.65996e+2, 0.00000e+0, 5.03481e+2, 0.00000e+0, 3.63691e+1, 0.00000e+0, 3.73358e+1, 0.00000e+0, 2.65705e+0, 0.00000e+0, 2.35401e+0, 0.00000e+0, 2.00000e+1, 0.00000e+0, 7.00000e+0, 0.00000e+0, 3, -1, Disabled
07/08/2024 16:30:55.461, 07/08/2024 16:30:55.381, 4.11138e+0, 0.00000e+0, 9.83584e+1, 0.00000e+0, 1.67542e+0, 0.00000e+0, 2.08928e+4, 0.00000e+0, 2.38105e+4, 0.00000e+0, 4.60026e+2, 0.00000e+0, 1.71117e+0, 0.00000e+0, 4.69842e+2, 0.00000e+0, 5.03797e+2, 0.00000e+0, 3.63632e+1, 0.00000e+0, 3.73523e+1, 0.00000e+0, 2.65770e+0, 0.00000e+0, 2.35341e+0, 0.00000e+0, 2.00000e+1, 0.00000e+0, 7.00000e+0, 0.00000e+0, 3, -1, Disabled
07/08/2024 16:30:56.466, 07/08/2024 16:30:56.382, 4.11118e+0, 0.00000e+0, 9.83537e+1, 0.00000e+0, 1.67091e+0, 0.00000e+0, 2.07853e+4, 0.00000e+0, 2.34174e+4, 0.00000e+0, 4.56810e+2, 0.00000e+0, 1.70638e+0, 0.00000e+0, 4.66507e+2, 0.00000e+0, 5.03579e+2, 0.00000e+0, 3.63661e+1, 0.00000e+0, 3.73602e+1, 0.00000e+0, 2.65664e+0, 0.00000e+0, 2.35412e+0, 0.00000e+0, 2.00000e+1, 0.00000e+0, 7.00000e+0, 0.00000e+0, 3, -1, Disabled
07/08/2024 16:30:57.456, 07/08/2024 16:30:57.376, 4.11143e+0, 0.00000e+0, 9.83597e+1, 0.00000e+0, 1.67248e+0, 0.00000e+0, 2.10450e+4, 0.00000e+0, 2.37864e+4, 0.00000e+0, 4.60011e+2, 0.00000e+0, 1.70843e+0, 0.00000e+0, 4.69900e+2, 0.00000e+0, 5.03610e+2, 0.00000e+0, 3.63589e+1, 0.00000e+0, 3.73196e+1, 0.00000e+0, 2.65572e+0, 0.00000e+0, 2.35374e+0, 0.00000e+0, 2.00000e+1, 0.00000e+0, 7.00000e+0, 0.00000e+0, 3, -1, Disabled
07/08/2024 16:30:58.450, 07/08/2024 16:30:58.370, 4.11124e+0, 0.00000e+0, 9.83550e+1, 0.00000e+0, 1.65784e+0, 0.00000e+0, 2.07272e+4, 0.00000e+0, 2.36865e+4, 0.00000e+0, 4.58388e+2, 0.00000e+0, 1.69293e+0, 0.00000e+0, 4.68090e+2, 0.00000e+0, 5.03694e+2, 0.00000e+0, 3.63640e+1, 0.00000e+0, 3.73801e+1, 0.00000e+0, 2.65653e+0, 0.00000e+0, 2.35407e+0, 0.00000e+0, 2.00000e+1, 0.00000e+0, 7.00000e+0, 0.00000e+0, 3, -1, Disabled
07/08/2024 16:30:59.444, 07/08/2024 16:30:59.365, 4.11163e+0, 0.00000e+0, 9.83643e+1, 0.00000e+0, 1.66557e+0, 0.00000e+0, 2.11001e+4, 0.00000e+0, 2.36920e+4, 0.00000e+0, 4.58439e+2, 0.00000e+0, 1.70148e+0, 0.00000e+0, 4.68321e+2, 0.00000e+0, 5.03609e+2, 0.00000e+0, 3.63607e+1, 0.00000e+0, 3.73435e+1, 0.00000e+0, 2.65586e+0, 0.00000e+0, 2.35439e+0, 0.00000e+0, 2.00000e+1, 0.00000e+0, 7.00000e+0, 0.00000e+0, 3, -1, Disabled
07/08/2024 16:31:00.449, 07/08/2024 16:31:00.359, 4.11126e+0, 0.00000e+0, 9.83555e+1, 0.00000e+0, 1.67428e+0, 0.00000e+0, 2.07518e+4, 0.00000e+0, 2.34754e+4, 0.00000e+0, 4.56442e+2, 0.00000e+0, 1.70976e+0, 0.00000e+0, 4.66114e+2, 0.00000e+0, 5.03733e+2, 0.00000e+0, 3.63568e+1, 0.00000e+0, 3.73800e+1, 0.00000e+0, 2.65600e+0, 0.00000e+0, 2.35383e+0, 0.00000e+0, 2.00000e+1, 0.00000e+0, 7.00000e+0, 0.00000e+0, 3, -1, Disabled
07/08/2024 16:31:01.414, 07/08/2024 16:31:01.354, 4.11153e+0, 0.00000e+0, 9.83619e+1, 0.00000e+0, 1.66956e+0, 0.00000e+0, 2.09630e+4, 0.00000e+0, 2.36006e+4, 0.00000e+0, 4.57090e+2, 0.00000e+0, 1.70531e+0, 0.00000e+0, 4.66877e+2, 0.00000e+0, 5.03533e+2, 0.00000e+0, 3.63586e+1, 0.00000e+0, 3.73357e+1, 0.00000e+0, 2.65684e+0, 0.00000e+0, 2.35539e+0, 0.00000e+0, 2.00000e+1, 0.00000e+0, 7.00000e+0, 0.00000e+0, 3, -1, Disabled
07/08/2024 16:31:02.408, 07/08/2024 16:31:02.349, 4.11160e+0, 0.00000e+0, 9.83637e+1, 0.00000e+0, 1.65846e+0, 0.00000e+0, 2.09487e+4, 0.00000e+0, 2.37337e+4, 0.00000e+0, 4.55815e+2, 0.00000e+0, 1.69395e+0, 0.00000e+0, 4.65568e+2, 0.00000e+0, 5.03723e+2, 0.00000e+0, 3.63619e+1, 0.00000e+0, 3.73535e+1, 0.00000e+0, 2.65671e+0, 0.00000e+0, 2.35541e+0, 0.00000e+0, 2.00000e+1, 0.00000e+0, 7.00000e+0, 0.00000e+0, 3, -1, Disabled
07/08/2024 16:31:03.425, 07/08/2024 16:31:03.344, 4.10992e+0, 0.00000e+0, 9.83234e+1, 0.00000e+0, 1.66839e+0, 0.00000e+0, 2.07092e+4, 0.00000e+0, 2.35692e+4, 0.00000e+0, 4.60110e+2, 0.00000e+0, 1.70367e+0, 0.00000e+0, 4.69840e+2, 0.00000e+0, 5.03518e+2, 0.00000e+0, 3.63648e+1, 0.00000e+0, 3.73321e+1, 0.00000e+0, 2.65651e+0, 0.00000e+0, 2.35602e+0, 0.00000e+0, 2.00000e+1, 0.00000e+0, 7.00000e+0, 0.00000e+0, 3, -1, Disabled
07/08/2024 16:31:04.460, 07/08/2024 16:31:04.339, 4.11136e+0, 0.00000e+0, 9.83580e+1, 0.00000e+0, 1.67331e+0, 0.00000e+0, 2.09390e+4, 0.00000e+0, 2.35768e+4, 0.00000e+0, 4.55549e+2, 0.00000e+0, 1.70910e+0, 0.00000e+0, 4.65292e+2, 0.00000e+0, 5.03721e+2, 0.00000e+0, 3.63576e+1, 0.00000e+0, 3.73512e+1, 0.00000e+0, 2.65605e+0, 0.00000e+0, 2.35540e+0, 0.00000e+0, 2.00000e+1, 0.00000e+0, 7.00000e+0, 0.00000e+0, 3, -1, Disabled
07/08/2024 16:31:05.488, 07/08/2024 16:31:05.373, 4.10984e+0, 0.00000e+0, 9.83215e+1, 0.00000e+0, 1.67052e+0, 0.00000e+0, 2.08095e+4, 0.00000e+0, 2.37699e+4, 0.00000e+0, 4.55395e+2, 0.00000e+0, 1.70602e+0, 0.00000e+0, 4.65073e+2, 0.00000e+0, 5.03522e+2, 0.00000e+0, 3.63557e+1, 0.00000e+0, 3.73677e+1, 0.00000e+0, 2.65604e+0, 0.00000e+0, 2.35486e+0, 0.00000e+0, 2.00000e+1, 0.00000e+0, 7.00000e+0, 0.00000e+0, 3, -1, Disabled
07/08/2024 16:31:06.400, 07/08/2024 16:31:06.328, 4.11124e+0, 0.00000e+0, 9.83550e+1, 0.00000e+0, 1.66344e+0, 0.00000e+0, 2.11914e+4, 0.00000e+0, 2.36862e+4, 0.00000e+0, 4.59513e+2, 0.00000e+0, 1.69946e+0, 0.00000e+0, 4.69462e+2, 0.00000e+0, 5.03709e+2, 0.00000e+0, 3.63559e+1, 0.00000e+0, 3.73577e+1, 0.00000e+0, 2.65693e+0, 0.00000e+0, 2.35521e+0, 0.00000e+0, 2.00000e+1, 0.00000e+0, 7.00000e+0, 0.00000e+0, 3, -1, Disabled
07/08/2024 16:31:07.403, 07/08/2024 16:31:07.323, 4.10966e+0, 0.00000e+0, 9.83172e+1, 0.00000e+0, 1.66392e+0, 0.00000e+0, 2.04267e+4, 0.00000e+0, 2.32612e+4, 0.00000e+0, 4.57332e+2, 0.00000e+0, 1.69862e+0, 0.00000e+0, 4.66869e+2, 0.00000e+0, 5.03446e+2, 0.00000e+0, 3.63598e+1, 0.00000e+0, 3.73561e+1, 0.00000e+0, 2.65820e+0, 0.00000e+0, 2.35503e+0, 0.00000e+0, 2.00000e+1, 0.00000e+0, 7.00000e+0, 0.00000e+0, 3, -1, Disabled
07/08/2024 16:31:08.372, 07/08/2024 16:31:08.316, 4.10982e+0, 0.00000e+0, 9.83210e+1, 0.00000e+0, 1.66624e+0, 0.00000e+0, 2.14538e+4, 0.00000e+0, 2.41212e+4, 0.00000e+0, 4.58145e+2, 0.00000e+0, 1.70277e+0, 0.00000e+0, 4.68189e+2, 0.00000e+0, 5.03644e+2, 0.00000e+0, 3.63834e+1, 0.00000e+0, 3.73135e+1, 0.00000e+0, 2.65950e+0, 0.00000e+0, 2.35476e+0, 0.00000e+0, 2.00000e+1, 0.00000e+0, 7.00000e+0, 0.00000e+0, 3, -1, Disabled
07/08/2024 16:31:09.392, 07/08/2024 16:31:09.310, 4.11115e+0, 0.00000e+0, 9.83528e+1, 0.00000e+0, 1.66471e+0, 0.00000e+0, 2.07481e+4, 0.00000e+0, 2.36822e+4, 0.00000e+0, 4.59005e+2, 0.00000e+0, 1.69998e+0, 0.00000e+0, 4.68730e+2, 0.00000e+0, 5.03623e+2, 0.00000e+0, 3.63562e+1, 0.00000e+0, 3.73743e+1, 0.00000e+0, 2.65806e+0, 0.00000e+0, 2.35590e+0, 0.00000e+0, 2.00000e+1, 0.00000e+0, 7.00000e+0, 0.00000e+0, 3, -1, Disabled
07/08/2024 16:31:10.383, 07/08/2024 16:31:10.306, 4.11086e+0, 0.00000e+0, 9.83459e+1, 0.00000e+0, 1.67237e+0, 0.00000e+0, 2.07122e+4, 0.00000e+0, 2.33951e+4, 0.00000e+0, 4.59230e+2, 0.00000e+0, 1.70774e+0, 0.00000e+0, 4.68943e+2, 0.00000e+0, 5.03598e+2, 0.00000e+0, 3.63605e+1, 0.00000e+0, 3.73359e+1, 0.00000e+0, 2.65932e+0, 0.00000e+0, 2.35516e+0, 0.00000e+0, 2.00000e+1, 0.00000e+0, 7.00000e+0, 0.00000e+0, 3, -1, Disabled
07/08/2024 16:31:11.358, 07/08/2024 16:31:11.299, 4.11074e+0, 0.00000e+0, 9.83430e+1, 0.00000e+0, 1.67354e+0, 0.00000e+0, 2.09227e+4, 0.00000e+0, 2.35841e+4, 0.00000e+0, 4.59069e+2, 0.00000e+0, 1.70930e+0, 0.00000e+0, 4.68880e+2, 0.00000e+0, 5.03705e+2, 0.00000e+0, 3.63537e+1, 0.00000e+0, 3.73968e+1, 0.00000e+0, 2.65785e+0, 0.00000e+0, 2.35526e+0, 0.00000e+0, 2.00000e+1, 0.00000e+0, 7.00000e+0, 0.00000e+0, 3, -1, Disabled
07/08/2024 16:31:12.367, 07/08/2024 16:31:12.294, 4.11111e+0, 0.00000e+0, 9.83519e+1, 0.00000e+0, 1.66418e+0, 0.00000e+0, 2.08398e+4, 0.00000e+0, 2.37151e+4, 0.00000e+0, 4.56534e+2, 0.00000e+0, 1.69960e+0, 0.00000e+0, 4.66251e+2, 0.00000e+0, 5.03538e+2, 0.00000e+0, 3.63569e+1, 0.00000e+0, 3.73584e+1, 0.00000e+0, 2.65873e+0, 0.00000e+0, 2.35645e+0, 0.00000e+0, 2.00000e+1, 0.00000e+0, 7.00000e+0, 0.00000e+0, 3, -1, Disabled
07/08/2024 16:31:13.350, 07/08/2024 16:31:13.289, 4.11116e+0, 0.00000e+0, 9.83530e+1, 0.00000e+0, 1.66333e+0, 0.00000e+0, 2.11706e+4, 0.00000e+0, 2.37398e+4, 0.00000e+0, 4.58099e+2, 0.00000e+0, 1.69931e+0, 0.00000e+0, 4.68007e+2, 0.00000e+0, 5.03701e+2, 0.00000e+0, 3.63525e+1, 0.00000e+0, 3.73906e+1, 0.00000e+0, 2.65900e+0, 0.00000e+0, 2.35594e+0, 0.00000e+0, 2.00000e+1, 0.00000e+0, 7.00000e+0, 0.00000e+0, 3, -1, Disabled
07/08/2024 16:31:14.364, 07/08/2024 16:31:14.283, 4.11133e+0, 0.00000e+0, 9.83572e+1, 0.00000e+0, 1.65847e+0, 0.00000e+0, 2.09980e+4, 0.00000e+0, 2.35101e+4, 0.00000e+0, 4.60220e+2, 0.00000e+0, 1.69404e+0, 0.00000e+0, 4.70091e+2, 0.00000e+0, 5.03537e+2, 0.00000e+0, 3.63541e+1, 0.00000e+0, 3.73628e+1, 0.00000e+0, 2.66076e+0, 0.00000e+0, 2.35584e+0, 0.00000e+0, 2.00000e+1, 0.00000e+0, 7.00000e+0, 0.00000e+0, 3, -1, Disabled
07/08/2024 16:31:15.358, 07/08/2024 16:31:15.277, 4.11141e+0, 0.00000e+0, 9.83592e+1, 0.00000e+0, 1.66550e+0, 0.00000e+0, 2.10141e+4, 0.00000e+0, 2.36300e+4, 0.00000e+0, 4.60176e+2, 0.00000e+0, 1.70125e+0, 0.00000e+0, 4.70053e+2, 0.00000e+0, 5.03679e+2, 0.00000e+0, 3.63530e+1, 0.00000e+0, 3.73768e+1, 0.00000e+0, 2.65913e+0, 0.00000e+0, 2.35652e+0, 0.00000e+0, 2.00000e+1, 0.00000e+0, 7.00000e+0, 0.00000e+0, 3, -1, Disabled
07/08/2024 16:31:16.356, 07/08/2024 16:31:16.272, 4.11087e+0, 0.00000e+0, 9.83462e+1, 0.00000e+0, 1.67029e+0, 0.00000e+0, 2.14045e+4, 0.00000e+0, 2.37697e+4, 0.00000e+0, 4.59710e+2, 0.00000e+0, 1.70682e+0, 0.00000e+0, 4.69765e+2, 0.00000e+0, 5.03625e+2, 0.00000e+0, 3.63574e+1, 0.00000e+0, 3.74191e+1, 0.00000e+0, 2.65959e+0, 0.00000e+0, 2.35664e+0, 0.00000e+0, 2.00000e+1, 0.00000e+0, 7.00000e+0, 0.00000e+0, 3, -1, Disabled
07/08/2024 16:31:17.354, 07/08/2024 16:31:17.266, 4.11128e+0, 0.00000e+0, 9.83559e+1, 0.00000e+0, 1.67055e+0, 0.00000e+0, 2.06315e+4, 0.00000e+0, 2.38229e+4, 0.00000e+0, 4.63876e+2, 0.00000e+0, 1.70574e+0, 0.00000e+0, 4.73648e+2, 0.00000e+0, 5.03624e+2, 0.00000e+0, 3.63549e+1, 0.00000e+0, 3.73784e+1, 0.00000e+0, 2.65988e+0, 0.00000e+0, 2.35753e+0, 0.00000e+0, 2.00000e+1, 0.00000e+0, 7.00000e+0, 0.00000e+0, 3, -1, Disabled
07/08/2024 16:31:18.343, 07/08/2024 16:31:18.261, 4.11096e+0, 0.00000e+0, 9.83482e+1, 0.00000e+0, 1.66800e+0, 0.00000e+0, 2.06246e+4, 0.00000e+0, 2.34029e+4, 0.00000e+0, 4.59391e+2, 0.00000e+0, 1.70313e+0, 0.00000e+0, 4.69066e+2, 0.00000e+0, 5.03606e+2, 0.00000e+0, 3.63574e+1, 0.00000e+0, 3.74118e+1, 0.00000e+0, 2.65916e+0, 0.00000e+0, 2.35767e+0, 0.00000e+0, 2.00000e+1, 0.00000e+0, 7.00000e+0, 0.00000e+0, 3, -1, Disabled
07/08/2024 16:31:19.330, 07/08/2024 16:31:19.257, 4.11152e+0, 0.00000e+0, 9.83617e+1, 0.00000e+0, 1.66536e+0, 0.00000e+0, 2.07268e+4, 0.00000e+0, 2.32528e+4, 0.00000e+0, 4.59684e+2, 0.00000e+0, 1.70061e+0, 0.00000e+0, 4.69414e+2, 0.00000e+0, 5.03636e+2, 0.00000e+0, 3.63496e+1, 0.00000e+0, 3.73780e+1, 0.00000e+0, 2.66107e+0, 0.00000e+0, 2.35567e+0, 0.00000e+0, 2.00000e+1, 0.00000e+0, 7.00000e+0, 0.00000e+0, 3, -1, Disabled
07/08/2024 16:31:20.334, 07/08/2024 16:31:20.251, 4.11108e+0, 0.00000e+0, 9.83512e+1, 0.00000e+0, 1.66215e+0, 0.00000e+0, 2.08540e+4, 0.00000e+0, 2.36798e+4, 0.00000e+0, 4.58454e+2, 0.00000e+0, 1.69755e+0, 0.00000e+0, 4.68218e+2, 0.00000e+0, 5.03619e+2, 0.00000e+0, 3.63577e+1, 0.00000e+0, 3.74255e+1, 0.00000e+0, 2.66016e+0, 0.00000e+0, 2.35756e+0, 0.00000e+0, 2.00000e+1, 0.00000e+0, 7.00000e+0, 0.00000e+0, 3, -1, Disabled
07/08/2024 16:31:21.341, 07/08/2024 16:31:21.245, 4.11167e+0, 0.00000e+0, 9.83653e+1, 0.00000e+0, 1.68150e+0, 0.00000e+0, 2.11066e+4, 0.00000e+0, 2.40458e+4, 0.00000e+0, 4.59969e+2, 0.00000e+0, 1.71776e+0, 0.00000e+0, 4.69887e+2, 0.00000e+0, 5.03625e+2, 0.00000e+0, 3.63520e+1, 0.00000e+0, 3.73754e+1, 0.00000e+0, 2.66058e+0, 0.00000e+0, 2.35753e+0, 0.00000e+0, 2.00000e+1, 0.00000e+0, 7.00000e+0, 0.00000e+0, 3, -1, Disabled
07/08/2024 16:31:22.297, 07/08/2024 16:31:22.239, 4.11109e+0, 0.00000e+0, 9.83516e+1, 0.00000e+0, 1.66940e+0, 0.00000e+0, 2.13068e+4, 0.00000e+0, 2.37028e+4, 0.00000e+0, 4.60179e+2, 0.00000e+0, 1.70574e+0, 0.00000e+0, 4.70198e+2, 0.00000e+0, 5.03669e+2, 0.00000e+0, 3.63548e+1, 0.00000e+0, 3.74447e+1, 0.00000e+0, 2.66155e+0, 0.00000e+0, 2.35763e+0, 0.00000e+0, 2.00000e+1, 0.00000e+0, 7.00000e+0, 0.00000e+0, 3, -1, Disabled
07/08/2024 16:31:23.311, 07/08/2024 16:31:23.235, 4.11097e+0, 0.00000e+0, 9.83486e+1, 0.00000e+0, 1.66955e+0, 0.00000e+0, 2.11187e+4, 0.00000e+0, 2.38442e+4, 0.00000e+0, 4.60260e+2, 0.00000e+0, 1.70556e+0, 0.00000e+0, 4.70190e+2, 0.00000e+0, 5.03646e+2, 0.00000e+0, 3.63488e+1, 0.00000e+0, 3.73983e+1, 0.00000e+0, 2.65962e+0, 0.00000e+0, 2.35712e+0, 0.00000e+0, 2.00000e+1, 0.00000e+0, 7.00000e+0, 0.00000e+0, 3, -1, Disabled
07/08/2024 16:31:24.300, 07/08/2024 16:31:24.228, 4.11093e+0, 0.00000e+0, 9.83476e+1, 0.00000e+0, 1.67450e+0, 0.00000e+0, 2.14828e+4, 0.00000e+0, 2.36156e+4, 0.00000e+0, 4.60541e+2, 0.00000e+0, 1.71126e+0, 0.00000e+0, 4.70652e+2, 0.00000e+0, 5.03684e+2, 0.00000e+0, 3.63558e+1, 0.00000e+0, 3.74498e+1, 0.00000e+0, 2.66067e+0, 0.00000e+0, 2.35857e+0, 0.00000e+0, 2.00000e+1, 0.00000e+0, 7.00000e+0, 0.00000e+0, 3, -1, Disabled
07/08/2024 16:31:25.281, 07/08/2024 16:31:25.224, 4.11128e+0, 0.00000e+0, 9.83559e+1, 0.00000e+0, 1.67032e+0, 0.00000e+0, 2.15517e+4, 0.00000e+0, 2.41147e+4, 0.00000e+0, 4.64522e+2, 0.00000e+0, 1.70711e+0, 0.00000e+0, 4.74753e+2, 0.00000e+0, 5.03543e+2, 0.00000e+0, 3.63570e+1, 0.00000e+0, 3.74111e+1, 0.00000e+0, 2.66086e+0, 0.00000e+0, 2.35898e+0, 0.00000e+0, 2.00000e+1, 0.00000e+0, 7.00000e+0, 0.00000e+0, 3, -1, Disabled
07/08/2024 16:31:26.292, 07/08/2024 16:31:26.217, 4.11136e+0, 0.00000e+0, 9.83578e+1, 0.00000e+0, 1.68051e+0, 0.00000e+0, 2.16033e+4, 0.00000e+0, 2.40075e+4, 0.00000e+0, 4.58829e+2, 0.00000e+0, 1.71761e+0, 0.00000e+0, 4.68961e+2, 0.00000e+0, 5.03704e+2, 0.00000e+0, 3.63482e+1, 0.00000e+0, 3.74201e+1, 0.00000e+0, 2.66168e+0, 0.00000e+0, 2.35897e+0, 0.00000e+0, 2.00000e+1, 0.00000e+0, 7.00000e+0, 0.00000e+0, 3, -1, Disabled
07/08/2024 16:31:27.293, 07/08/2024 16:31:27.213, 4.11120e+0, 0.00000e+0, 9.83542e+1, 0.00000e+0, 1.67701e+0, 0.00000e+0, 2.11562e+4, 0.00000e+0, 2.38468e+4, 0.00000e+0, 4.60767e+2, 0.00000e+0, 1.71326e+0, 0.00000e+0, 4.70726e+2, 0.00000e+0, 5.03491e+2, 0.00000e+0, 3.63501e+1, 0.00000e+0, 3.74090e+1, 0.00000e+0, 2.66177e+0, 0.00000e+0, 2.35770e+0, 0.00000e+0, 2.00000e+1, 0.00000e+0, 7.00000e+0, 0.00000e+0, 3, -1, Disabled
07/08/2024 16:31:28.279, 07/08/2024 16:31:28.206, 4.11112e+0, 0.00000e+0, 9.83520e+1, 0.00000e+0, 1.67508e+0, 0.00000e+0, 2.07140e+4, 0.00000e+0, 2.34750e+4, 0.00000e+0, 4.61125e+2, 0.00000e+0, 1.71051e+0, 0.00000e+0, 4.70879e+2, 0.00000e+0, 5.03721e+2, 0.00000e+0, 3.63492e+1, 0.00000e+0, 3.74276e+1, 0.00000e+0, 2.66258e+0, 0.00000e+0, 2.35846e+0, 0.00000e+0, 2.00000e+1, 0.00000e+0, 7.00000e+0, 0.00000e+0, 3, -1, Disabled
07/08/2024 16:31:29.284, 07/08/2024 16:31:29.202, 4.10914e+0, 0.00000e+0, 9.83049e+1, 0.00000e+0, 1.66318e+0, 0.00000e+0, 2.08757e+4, 0.00000e+0, 2.31696e+4, 0.00000e+0, 4.61287e+2, 0.00000e+0, 1.69864e+0, 0.00000e+0, 4.71122e+2, 0.00000e+0, 5.03513e+2, 0.00000e+0, 3.63687e+1, 0.00000e+0, 3.74334e+1, 0.00000e+0, 2.66227e+0, 0.00000e+0, 2.35862e+0, 0.00000e+0, 2.00000e+1, 0.00000e+0, 7.00000e+0, 0.00000e+0, 3, -1, Disabled
07/08/2024 16:31:30.255, 07/08/2024 16:31:30.195, 4.11136e+0, 0.00000e+0, 9.83580e+1, 0.00000e+0, 1.67894e+0, 0.00000e+0, 2.08661e+4, 0.00000e+0, 2.37648e+4, 0.00000e+0, 4.59845e+2, 0.00000e+0, 1.71472e+0, 0.00000e+0, 4.69645e+2, 0.00000e+0, 5.03671e+2, 0.00000e+0, 3.63542e+1, 0.00000e+0, 3.74212e+1, 0.00000e+0, 2.66300e+0, 0.00000e+0, 2.35852e+0, 0.00000e+0, 2.00000e+1, 0.00000e+0, 7.00000e+0, 0.00000e+0, 3, -1, Disabled
07/08/2024 16:31:31.289, 07/08/2024 16:31:31.215, 4.10897e+0, 0.00000e+0, 9.83007e+1, 0.00000e+0, 1.66046e+0, 0.00000e+0, 2.12553e+4, 0.00000e+0, 2.39242e+4, 0.00000e+0, 4.61162e+2, 0.00000e+0, 1.69652e+0, 0.00000e+0, 4.71177e+2, 0.00000e+0, 5.03551e+2, 0.00000e+0, 3.63526e+1, 0.00000e+0, 3.74638e+1, 0.00000e+0, 2.66271e+0, 0.00000e+0, 2.35876e+0, 0.00000e+0, 2.00000e+1, 0.00000e+0, 7.00000e+0, 0.00000e+0, 3, -1, Disabled
07/08/2024 16:31:32.263, 07/08/2024 16:31:32.186, 4.11109e+0, 0.00000e+0, 9.83514e+1, 0.00000e+0, 1.67741e+0, 0.00000e+0, 2.09288e+4, 0.00000e+0, 2.35164e+4, 0.00000e+0, 4.59677e+2, 0.00000e+0, 1.71327e+0, 0.00000e+0, 4.69504e+2, 0.00000e+0, 5.03658e+2, 0.00000e+0, 3.63494e+1, 0.00000e+0, 3.74365e+1, 0.00000e+0, 2.66283e+0, 0.00000e+0, 2.35848e+0, 0.00000e+0, 2.00000e+1, 0.00000e+0, 7.00000e+0, 0.00000e+0, 3, -1, Disabled
07/08/2024 16:31:33.260, 07/08/2024 16:31:33.179, 4.11088e+0, 0.00000e+0, 9.83465e+1, 0.00000e+0, 1.66777e+0, 0.00000e+0, 2.08093e+4, 0.00000e+0, 2.35495e+4, 0.00000e+0, 4.58556e+2, 0.00000e+0, 1.70322e+0, 0.00000e+0, 4.68301e+2, 0.00000e+0, 5.03670e+2, 0.00000e+0, 3.63606e+1, 0.00000e+0, 3.74801e+1, 0.00000e+0, 2.66274e+0, 0.00000e+0, 2.35927e+0, 0.00000e+0, 2.00000e+1, 0.00000e+0, 7.00000e+0, 0.00000e+0, 3, -1, Disabled
07/08/2024 16:31:34.233, 07/08/2024 16:31:34.174, 4.11099e+0, 0.00000e+0, 9.83491e+1, 0.00000e+0, 1.66819e+0, 0.00000e+0, 2.13077e+4, 0.00000e+0, 2.40870e+4, 0.00000e+0, 4.62906e+2, 0.00000e+0, 1.70451e+0, 0.00000e+0, 4.72984e+2, 0.00000e+0, 5.03539e+2, 0.00000e+0, 3.63551e+1, 0.00000e+0, 3.74261e+1, 0.00000e+0, 2.66453e+0, 0.00000e+0, 2.35902e+0, 0.00000e+0, 2.00000e+1, 0.00000e+0, 7.00000e+0, 0.00000e+0, 3, -1, Disabled
07/08/2024 16:31:35.225, 07/08/2024 16:31:35.168, 4.11110e+0, 0.00000e+0, 9.83517e+1, 0.00000e+0, 1.67585e+0, 0.00000e+0, 2.09438e+4, 0.00000e+0, 2.33513e+4, 0.00000e+0, 4.62306e+2, 0.00000e+0, 1.71170e+0, 0.00000e+0, 4.72195e+2, 0.00000e+0, 5.03739e+2, 0.00000e+0, 3.63516e+1, 0.00000e+0, 3.74748e+1, 0.00000e+0, 2.66552e+0, 0.00000e+0, 2.35767e+0, 0.00000e+0, 2.00000e+1, 0.00000e+0, 7.00000e+0, 0.00000e+0, 3, -1, Disabled
07/08/2024 16:31:36.219, 07/08/2024 16:31:36.163, 4.11148e+0, 0.00000e+0, 9.83607e+1, 0.00000e+0, 1.66499e+0, 0.00000e+0, 2.10876e+4, 0.00000e+0, 2.35156e+4, 0.00000e+0, 4.61474e+2, 0.00000e+0, 1.70085e+0, 0.00000e+0, 4.71415e+2, 0.00000e+0, 5.03565e+2, 0.00000e+0, 3.63489e+1, 0.00000e+0, 3.74472e+1, 0.00000e+0, 2.66417e+0, 0.00000e+0, 2.35967e+0, 0.00000e+0, 2.00000e+1, 0.00000e+0, 7.00000e+0, 0.00000e+0, 3, -1, Disabled
07/08/2024 16:31:37.211, 07/08/2024 16:31:37.158, 4.11135e+0, 0.00000e+0, 9.83578e+1, 0.00000e+0, 1.68209e+0, 0.00000e+0, 2.11842e+4, 0.00000e+0, 2.37116e+4, 0.00000e+0, 4.61546e+2, 0.00000e+0, 1.71850e+0, 0.00000e+0, 4.71536e+2, 0.00000e+0, 5.03705e+2, 0.00000e+0, 3.63483e+1, 0.00000e+0, 3.74876e+1, 0.00000e+0, 2.66482e+0, 0.00000e+0, 2.35962e+0, 0.00000e+0, 2.00000e+1, 0.00000e+0, 7.00000e+0, 0.00000e+0, 3, -1, Disabled
07/08/2024 16:31:38.230, 07/08/2024 16:31:38.153, 4.11136e+0, 0.00000e+0, 9.83580e+1, 0.00000e+0, 1.67509e+0, 0.00000e+0, 2.03854e+4, 0.00000e+0, 2.34572e+4, 0.00000e+0, 4.60815e+2, 0.00000e+0, 1.70995e+0, 0.00000e+0, 4.70404e+2, 0.00000e+0, 5.03551e+2, 0.00000e+0, 3.63491e+1, 0.00000e+0, 3.74631e+1, 0.00000e+0, 2.66515e+0, 0.00000e+0, 2.35870e+0, 0.00000e+0, 2.00000e+1, 0.00000e+0, 7.00000e+0, 0.00000e+0, 3, -1, Disabled
07/08/2024 16:31:39.225, 07/08/2024 16:31:39.148, 4.11129e+0, 0.00000e+0, 9.83562e+1, 0.00000e+0, 1.68617e+0, 0.00000e+0, 2.10126e+4, 0.00000e+0, 2.39371e+4, 0.00000e+0, 4.57309e+2, 0.00000e+0, 1.72237e+0, 0.00000e+0, 4.67124e+2, 0.00000e+0, 5.03727e+2, 0.00000e+0, 3.63492e+1, 0.00000e+0, 3.74780e+1, 0.00000e+0, 2.66470e+0, 0.00000e+0, 2.35990e+0, 0.00000e+0, 2.00000e+1, 0.00000e+0, 7.00000e+0, 0.00000e+0, 3, -1, Disabled
07/08/2024 16:31:40.200, 07/08/2024 16:31:40.142, 4.11124e+0, 0.00000e+0, 9.83551e+1, 0.00000e+0, 1.66894e+0, 0.00000e+0, 2.07338e+4, 0.00000e+0, 2.33405e+4, 0.00000e+0, 4.65928e+2, 0.00000e+0, 1.70428e+0, 0.00000e+0, 4.75793e+2, 0.00000e+0, 5.03552e+2, 0.00000e+0, 3.63452e+1, 0.00000e+0, 3.74789e+1, 0.00000e+0, 2.66409e+0, 0.00000e+0, 2.35934e+0, 0.00000e+0, 2.00000e+1, 0.00000e+0, 7.00000e+0, 0.00000e+0, 3, -1, Disabled
07/08/2024 16:31:41.194, 07/08/2024 16:31:41.137, 4.11133e+0, 0.00000e+0, 9.83572e+1, 0.00000e+0, 1.66126e+0, 0.00000e+0, 2.02388e+4, 0.00000e+0, 2.27551e+4, 0.00000e+0, 4.63770e+2, 0.00000e+0, 1.69557e+0, 0.00000e+0, 4.73350e+2, 0.00000e+0, 5.03706e+2, 0.00000e+0, 3.63488e+1, 0.00000e+0, 3.74621e+1, 0.00000e+0, 2.66432e+0, 0.00000e+0, 2.36047e+0, 0.00000e+0, 2.00000e+1, 0.00000e+0, 7.00000e+0, 0.00000e+0, 3, -1, Disabled
07/08/2024 16:31:42.183, 07/08/2024 16:31:42.130, 4.11137e+0, 0.00000e+0, 9.83582e+1, 0.00000e+0, 1.67723e+0, 0.00000e+0, 2.05644e+4, 0.00000e+0, 2.32846e+4, 0.00000e+0, 4.56175e+2, 0.00000e+0, 1.71245e+0, 0.00000e+0, 4.65753e+2, 0.00000e+0, 5.03587e+2, 0.00000e+0, 3.63451e+1, 0.00000e+0, 3.74819e+1, 0.00000e+0, 2.66423e+0, 0.00000e+0, 2.36153e+0, 0.00000e+0, 2.00000e+1, 0.00000e+0, 7.00000e+0, 0.00000e+0, 3, -1, Disabled
07/08/2024 16:31:43.219, 07/08/2024 16:31:43.125, 4.11162e+0, 0.00000e+0, 9.83641e+1, 0.00000e+0, 1.69119e+0, 0.00000e+0, 2.20465e+4, 0.00000e+0, 2.43600e+4, 0.00000e+0, 4.61122e+2, 0.00000e+0, 1.72931e+0, 0.00000e+0, 4.71517e+2, 0.00000e+0, 5.03712e+2, 0.00000e+0, 3.63501e+1, 0.00000e+0, 3.74713e+1, 0.00000e+0, 2.66410e+0, 0.00000e+0, 2.36033e+0, 0.00000e+0, 2.00000e+1, 0.00000e+0, 7.00000e+0, 0.00000e+0, 3, -1, Disabled
07/08/2024 16:31:44.176, 07/08/2024 16:31:44.120, 4.11106e+0, 0.00000e+0, 9.83507e+1, 0.00000e+0, 1.66850e+0, 0.00000e+0, 2.12941e+4, 0.00000e+0, 2.36818e+4, 0.00000e+0, 4.66283e+2, 0.00000e+0, 1.70480e+0, 0.00000e+0, 4.76429e+2, 0.00000e+0, 5.03607e+2, 0.00000e+0, 3.63475e+1, 0.00000e+0, 3.75032e+1, 0.00000e+0, 2.66626e+0, 0.00000e+0, 2.36069e+0, 0.00000e+0, 2.00000e+1, 0.00000e+0, 7.00000e+0, 0.00000e+0, 3, -1, Disabled
07/08/2024 16:31:45.170, 07/08/2024 16:31:45.114, 4.11176e+0, 0.00000e+0, 9.83675e+1, 0.00000e+0, 1.67672e+0, 0.00000e+0, 2.02515e+4, 0.00000e+0, 2.30611e+4, 0.00000e+0, 4.62308e+2, 0.00000e+0, 1.71138e+0, 0.00000e+0, 4.71864e+2, 0.00000e+0, 5.03611e+2, 0.00000e+0, 3.63457e+1, 0.00000e+0, 3.74593e+1, 0.00000e+0, 2.66630e+0, 0.00000e+0, 2.36060e+0, 0.00000e+0, 2.00000e+1, 0.00000e+0, 7.00000e+0, 0.00000e+0, 3, -1, Disabled
07/08/2024 16:31:46.192, 07/08/2024 16:31:46.108, 4.11115e+0, 0.00000e+0, 9.83529e+1, 0.00000e+0, 1.68328e+0, 0.00000e+0, 2.15199e+4, 0.00000e+0, 2.40595e+4, 0.00000e+0, 4.61976e+2, 0.00000e+0, 1.72030e+0, 0.00000e+0, 4.72137e+2, 0.00000e+0, 5.03644e+2, 0.00000e+0, 3.63473e+1, 0.00000e+0, 3.75119e+1, 0.00000e+0, 2.66480e+0, 0.00000e+0, 2.36138e+0, 0.00000e+0, 2.00000e+1, 0.00000e+0, 7.00000e+0, 0.00000e+0, 3, -1, Disabled
07/08/2024 16:31:47.163, 07/08/2024 16:31:47.103, 4.11153e+0, 0.00000e+0, 9.83619e+1, 0.00000e+0, 1.67466e+0, 0.00000e+0, 2.13839e+4, 0.00000e+0, 2.40657e+4, 0.00000e+0, 4.57348e+2, 0.00000e+0, 1.71125e+0, 0.00000e+0, 4.67341e+2, 0.00000e+0, 5.03636e+2, 0.00000e+0, 3.63462e+1, 0.00000e+0, 3.74549e+1, 0.00000e+0, 2.66591e+0, 0.00000e+0, 2.36178e+0, 0.00000e+0, 2.00000e+1, 0.00000e+0, 7.00000e+0, 0.00000e+0, 3, -1, Disabled
07/08/2024 16:31:48.175, 07/08/2024 16:31:48.098, 4.11135e+0, 0.00000e+0, 9.83577e+1, 0.00000e+0, 1.67047e+0, 0.00000e+0, 2.10370e+4, 0.00000e+0, 2.32801e+4, 0.00000e+0, 4.63054e+2, 0.00000e+0, 1.70637e+0, 0.00000e+0, 4.73004e+2, 0.00000e+0, 5.03728e+2, 0.00000e+0, 3.63496e+1, 0.00000e+0, 3.75164e+1, 0.00000e+0, 2.66676e+0, 0.00000e+0, 2.36163e+0, 0.00000e+0, 2.00000e+1, 0.00000e+0, 7.00000e+0, 0.00000e+0, 3, -1, Disabled
07/08/2024 16:31:49.160, 07/08/2024 16:31:49.092, 4.11168e+0, 0.00000e+0, 9.83656e+1, 0.00000e+0, 1.67163e+0, 0.00000e+0, 2.01617e+4, 0.00000e+0, 2.24364e+4, 0.00000e+0, 4.61019e+2, 0.00000e+0, 1.70602e+0, 0.00000e+0, 4.70506e+2, 0.00000e+0, 5.03600e+2, 0.00000e+0, 3.63500e+1, 0.00000e+0, 3.74678e+1, 0.00000e+0, 2.66690e+0, 0.00000e+0, 2.36212e+0, 0.00000e+0, 2.00000e+1, 0.00000e+0, 7.00000e+0, 0.00000e+0, 3, -1, Disabled
07/08/2024 16:31:50.175, 07/08/2024 16:31:50.086, 4.11116e+0, 0.00000e+0, 9.83532e+1, 0.00000e+0, 1.67172e+0, 0.00000e+0, 2.10650e+4, 0.00000e+0, 2.37662e+4, 0.00000e+0, 4.61138e+2, 0.00000e+0, 1.70769e+0, 0.00000e+0, 4.71061e+2, 0.00000e+0, 5.03694e+2, 0.00000e+0, 3.63519e+1, 0.00000e+0, 3.75201e+1, 0.00000e+0, 2.66767e+0, 0.00000e+0, 2.36220e+0, 0.00000e+0, 2.00000e+1, 0.00000e+0, 7.00000e+0, 0.00000e+0, 3, -1, Disabled
07/08/2024 16:31:51.159, 07/08/2024 16:31:51.081, 4.11129e+0, 0.00000e+0, 9.83563e+1, 0.00000e+0, 1.66893e+0, 0.00000e+0, 2.13856e+4, 0.00000e+0, 2.38618e+4, 0.00000e+0, 4.65273e+2, 0.00000e+0, 1.70540e+0, 0.00000e+0, 4.75441e+2, 0.00000e+0, 5.03562e+2, 0.00000e+0, 3.63452e+1, 0.00000e+0, 3.74710e+1, 0.00000e+0, 2.66696e+0, 0.00000e+0, 2.36264e+0, 0.00000e+0, 2.00000e+1, 0.00000e+0, 7.00000e+0, 0.00000e+0, 3, -1, Disabled
07/08/2024 16:31:52.132, 07/08/2024 16:31:52.076, 4.11089e+0, 0.00000e+0, 9.83466e+1, 0.00000e+0, 1.67264e+0, 0.00000e+0, 2.16609e+4, 0.00000e+0, 2.39556e+4, 0.00000e+0, 4.60396e+2, 0.00000e+0, 1.70968e+0, 0.00000e+0, 4.70589e+2, 0.00000e+0, 5.03687e+2, 0.00000e+0, 3.63479e+1, 0.00000e+0, 3.75160e+1, 0.00000e+0, 2.66672e+0, 0.00000e+0, 2.36067e+0, 0.00000e+0, 2.00000e+1, 0.00000e+0, 7.00000e+0, 0.00000e+0, 3, -1, Disabled
07/08/2024 16:31:53.157, 07/08/2024 16:31:53.071, 4.11138e+0, 0.00000e+0, 9.83583e+1, 0.00000e+0, 1.65335e+0, 0.00000e+0, 2.12232e+4, 0.00000e+0, 2.39954e+4, 0.00000e+0, 4.61664e+2, 0.00000e+0, 1.68920e+0, 0.00000e+0, 4.71674e+2, 0.00000e+0, 5.03616e+2, 0.00000e+0, 3.63499e+1, 0.00000e+0, 3.74867e+1, 0.00000e+0, 2.66820e+0, 0.00000e+0, 2.36217e+0, 0.00000e+0, 2.00000e+1, 0.00000e+0, 7.00000e+0, 0.00000e+0, 3, -1, Disabled
07/08/2024 16:31:54.125, 07/08/2024 16:31:54.065, 4.11141e+0, 0.00000e+0, 9.83591e+1, 0.00000e+0, 1.68499e+0, 0.00000e+0, 2.11462e+4, 0.00000e+0, 2.40704e+4, 0.00000e+0, 4.67854e+2, 0.00000e+0, 1.72139e+0, 0.00000e+0, 4.77961e+2, 0.00000e+0, 5.03741e+2, 0.00000e+0, 3.63486e+1, 0.00000e+0, 3.75082e+1, 0.00000e+0, 2.66843e+0, 0.00000e+0, 2.36302e+0, 0.00000e+0, 2.00000e+1, 0.00000e+0, 7.00000e+0, 0.00000e+0, 3, -1, Disabled
07/08/2024 16:31:55.113, 07/08/2024 16:31:55.061, 4.11142e+0, 0.00000e+0, 9.83593e+1, 0.00000e+0, 1.67007e+0, 0.00000e+0, 2.18031e+4, 0.00000e+0, 2.41051e+4, 0.00000e+0, 4.59935e+2, 0.00000e+0, 1.70729e+0, 0.00000e+0, 4.70187e+2, 0.00000e+0, 5.03577e+2, 0.00000e+0, 3.63490e+1, 0.00000e+0, 3.74923e+1, 0.00000e+0, 2.66888e+0, 0.00000e+0, 2.36247e+0, 0.00000e+0, 2.00000e+1, 0.00000e+0, 7.00000e+0, 0.00000e+0, 3, -1, Disabled
07/08/2024 16:31:56.137, 07/08/2024 16:31:56.054, 4.11115e+0, 0.00000e+0, 9.83529e+1, 0.00000e+0, 1.66914e+0, 0.00000e+0, 2.04606e+4, 0.00000e+0, 2.32045e+4, 0.00000e+0, 4.70681e+2, 0.00000e+0, 1.70400e+0, 0.00000e+0, 4.80513e+2, 0.00000e+0, 5.03722e+2, 0.00000e+0, 3.63468e+1, 0.00000e+0, 3.75140e+1, 0.00000e+0, 2.66980e+0, 0.00000e+0, 2.36228e+0, 0.00000e+0, 2.00000e+1, 0.00000e+0, 7.00000e+0, 0.00000e+0, 3, -1, Disabled
07/08/2024 16:31:57.111, 07/08/2024 16:31:57.048, 4.11109e+0, 0.00000e+0, 9.83515e+1, 0.00000e+0, 1.67694e+0, 0.00000e+0, 2.06120e+4, 0.00000e+0, 2.32107e+4, 0.00000e+0, 4.59137e+2, 0.00000e+0, 1.71224e+0, 0.00000e+0, 4.68800e+2, 0.00000e+0, 5.03539e+2, 0.00000e+0, 3.63487e+1, 0.00000e+0, 3.75205e+1, 0.00000e+0, 2.66937e+0, 0.00000e+0, 2.36342e+0, 0.00000e+0, 2.00000e+1, 0.00000e+0, 7.00000e+0, 0.00000e+0, 3, -1, Disabled
07/08/2024 16:31:58.105, 07/08/2024 16:31:58.043, 4.11119e+0, 0.00000e+0, 9.83539e+1, 0.00000e+0, 1.68626e+0, 0.00000e+0, 2.09949e+4, 0.00000e+0, 2.35522e+4, 0.00000e+0, 4.63031e+2, 0.00000e+0, 1.72242e+0, 0.00000e+0, 4.72961e+2, 0.00000e+0, 5.03718e+2, 0.00000e+0, 3.63498e+1, 0.00000e+0, 3.75021e+1, 0.00000e+0, 2.66872e+0, 0.00000e+0, 2.36250e+0, 0.00000e+0, 2.00000e+1, 0.00000e+0, 7.00000e+0, 0.00000e+0, 3, -1, Disabled
07/08/2024 16:31:59.115, 07/08/2024 16:31:59.038, 4.11126e+0, 0.00000e+0, 9.83554e+1, 0.00000e+0, 1.65600e+0, 0.00000e+0, 2.10935e+4, 0.00000e+0, 2.32587e+4, 0.00000e+0, 4.60546e+2, 0.00000e+0, 1.69168e+0, 0.00000e+0, 4.70470e+2, 0.00000e+0, 5.03583e+2, 0.00000e+0, 3.63463e+1, 0.00000e+0, 3.75475e+1, 0.00000e+0, 2.67035e+0, 0.00000e+0, 2.36278e+0, 0.00000e+0, 2.00000e+1, 0.00000e+0, 7.00000e+0, 0.00000e+0, 3, -1, Disabled
07/08/2024 16:32:00.111, 07/08/2024 16:32:00.032, 4.11144e+0, 0.00000e+0, 9.83599e+1, 0.00000e+0, 1.67296e+0, 0.00000e+0, 2.09282e+4, 0.00000e+0, 2.34974e+4, 0.00000e+0, 4.68047e+2, 0.00000e+0, 1.70872e+0, 0.00000e+0, 4.78052e+2, 0.00000e+0, 5.03687e+2, 0.00000e+0, 3.63463e+1, 0.00000e+0, 3.75131e+1, 0.00000e+0, 2.66902e+0, 0.00000e+0, 2.36325e+0, 0.00000e+0, 2.00000e+1, 0.00000e+0, 7.00000e+0, 0.00000e+0, 3, -1, Disabled
07/08/2024 16:32:01.088, 07/08/2024 16:32:01.027, 4.11076e+0, 0.00000e+0, 9.83436e+1, 0.00000e+0, 1.68138e+0, 0.00000e+0, 2.03376e+4, 0.00000e+0, 2.31994e+4, 0.00000e+0, 4.65983e+2, 0.00000e+0, 1.71628e+0, 0.00000e+0, 4.75657e+2, 0.00000e+0, 5.03642e+2, 0.00000e+0, 3.63454e+1, 0.00000e+0, 3.75688e+1, 0.00000e+0, 2.66859e+0, 0.00000e+0, 2.36259e+0, 0.00000e+0, 2.00000e+1, 0.00000e+0, 7.00000e+0, 0.00000e+0, 3, -1, Disabled
07/08/2024 16:32:02.105, 07/08/2024 16:32:02.022, 4.11168e+0, 0.00000e+0, 9.83656e+1, 0.00000e+0, 1.66546e+0, 0.00000e+0, 2.12517e+4, 0.00000e+0, 2.37568e+4, 0.00000e+0, 4.59540e+2, 0.00000e+0, 1.70163e+0, 0.00000e+0, 4.69518e+2, 0.00000e+0, 5.03593e+2, 0.00000e+0, 3.63492e+1, 0.00000e+0, 3.75173e+1, 0.00000e+0, 2.66643e+0, 0.00000e+0, 2.36277e+0, 0.00000e+0, 2.00000e+1, 0.00000e+0, 7.00000e+0, 0.00000e+0, 3, -1, Disabled
07/08/2024 16:32:03.090, 07/08/2024 16:32:03.015, 4.11115e+0, 0.00000e+0, 9.83528e+1, 0.00000e+0, 1.65472e+0, 0.00000e+0, 2.04036e+4, 0.00000e+0, 2.29498e+4, 0.00000e+0, 4.67656e+2, 0.00000e+0, 1.68918e+0, 0.00000e+0, 4.77396e+2, 0.00000e+0, 5.03757e+2, 0.00000e+0, 3.63524e+1, 0.00000e+0, 3.75642e+1, 0.00000e+0, 2.66837e+0, 0.00000e+0, 2.36279e+0, 0.00000e+0, 2.00000e+1, 0.00000e+0, 7.00000e+0, 0.00000e+0, 3, -1, Disabled
07/08/2024 16:32:04.095, 07/08/2024 16:32:04.010, 4.11154e+0, 0.00000e+0, 9.83622e+1, 0.00000e+0, 1.65880e+0, 0.00000e+0, 2.03031e+4, 0.00000e+0, 2.34016e+4, 0.00000e+0, 4.63318e+2, 0.00000e+0, 1.69317e+0, 0.00000e+0, 4.72919e+2, 0.00000e+0, 5.03565e+2, 0.00000e+0, 3.63514e+1, 0.00000e+0, 3.75317e+1, 0.00000e+0, 2.67049e+0, 0.00000e+0, 2.36240e+0, 0.00000e+0, 2.00000e+1, 0.00000e+0, 7.00000e+0, 0.00000e+0, 3, -1, Disabled
07/08/2024 16:32:05.064, 07/08/2024 16:32:05.006, 4.11135e+0, 0.00000e+0, 9.83576e+1, 0.00000e+0, 1.67221e+0, 0.00000e+0, 2.10530e+4, 0.00000e+0, 2.35893e+4, 0.00000e+0, 4.60188e+2, 0.00000e+0, 1.70818e+0, 0.00000e+0, 4.70085e+2, 0.00000e+0, 5.03723e+2, 0.00000e+0, 3.63529e+1, 0.00000e+0, 3.75735e+1, 0.00000e+0, 2.66785e+0, 0.00000e+0, 2.36325e+0, 0.00000e+0, 2.00000e+1, 0.00000e+0, 7.00000e+0, 0.00000e+0, 3, -1, Disabled
07/08/2024 16:32:06.055, 07/08/2024 16:32:06.000, 4.11158e+0, 0.00000e+0, 9.83631e+1, 0.00000e+0, 1.67811e+0, 0.00000e+0, 2.01556e+4, 0.00000e+0, 2.31520e+4, 0.00000e+0, 4.65430e+2, 0.00000e+0, 1.71262e+0, 0.00000e+0, 4.75004e+2, 0.00000e+0, 5.03575e+2, 0.00000e+0, 3.63519e+1, 0.00000e+0, 3.75275e+1, 0.00000e+0, 2.66962e+0, 0.00000e+0, 2.36333e+0, 0.00000e+0, 2.00000e+1, 0.00000e+0, 7.00000e+0, 0.00000e+0, 3, -1, Disabled
07/08/2024 16:32:07.059, 07/08/2024 16:32:06.994, 4.11101e+0, 0.00000e+0, 9.83496e+1, 0.00000e+0, 1.69134e+0, 0.00000e+0, 2.11163e+4, 0.00000e+0, 2.38417e+4, 0.00000e+0, 4.58412e+2, 0.00000e+0, 1.72783e+0, 0.00000e+0, 4.68301e+2, 0.00000e+0, 5.03711e+2, 0.00000e+0, 3.63549e+1, 0.00000e+0, 3.75706e+1, 0.00000e+0, 2.66810e+0, 0.00000e+0, 2.36302e+0, 0.00000e+0, 2.00000e+1, 0.00000e+0, 7.00000e+0, 0.00000e+0, 3, -1, Disabled
07/08/2024 16:32:08.070, 07/08/2024 16:32:07.989, 4.11123e+0, 0.00000e+0, 9.83548e+1, 0.00000e+0, 1.67317e+0, 0.00000e+0, 2.04990e+4, 0.00000e+0, 2.33812e+4, 0.00000e+0, 4.65431e+2, 0.00000e+0, 1.70819e+0, 0.00000e+0, 4.75172e+2, 0.00000e+0, 5.03567e+2, 0.00000e+0, 3.63483e+1, 0.00000e+0, 3.75288e+1, 0.00000e+0, 2.66842e+0, 0.00000e+0, 2.36308e+0, 0.00000e+0, 2.00000e+1, 0.00000e+0, 7.00000e+0, 0.00000e+0, 3, -1, Disabled
07/08/2024 16:32:09.041, 07/08/2024 16:32:08.983, 4.11136e+0, 0.00000e+0, 9.83578e+1, 0.00000e+0, 1.66600e+0, 0.00000e+0, 2.05490e+4, 0.00000e+0, 2.35275e+4, 0.00000e+0, 4.64944e+2, 0.00000e+0, 1.70095e+0, 0.00000e+0, 4.74699e+2, 0.00000e+0, 5.03737e+2, 0.00000e+0, 3.63526e+1, 0.00000e+0, 3.75462e+1, 0.00000e+0, 2.66947e+0, 0.00000e+0, 2.36281e+0, 0.00000e+0, 2.00000e+1, 0.00000e+0, 7.00000e+0, 0.00000e+0, 3, -1, Disabled
07/08/2024 16:32:10.053, 07/08/2024 16:32:09.977, 4.11101e+0, 0.00000e+0, 9.83495e+1, 0.00000e+0, 1.67209e+0, 0.00000e+0, 2.16855e+4, 0.00000e+0, 2.47702e+4, 0.00000e+0, 4.64359e+2, 0.00000e+0, 1.70915e+0, 0.00000e+0, 4.74652e+2, 0.00000e+0, 5.03566e+2, 0.00000e+0, 3.63494e+1, 0.00000e+0, 3.75592e+1, 0.00000e+0, 2.66756e+0, 0.00000e+0, 2.36254e+0, 0.00000e+0, 2.00000e+1, 0.00000e+0, 7.00000e+0, 0.00000e+0, 3, -1, Disabled
07/08/2024 16:32:11.048, 07/08/2024 16:32:10.973, 4.11098e+0, 0.00000e+0, 9.83489e+1, 0.00000e+0, 1.66332e+0, 0.00000e+0, 2.09207e+4, 0.00000e+0, 2.39398e+4, 0.00000e+0, 4.59845e+2, 0.00000e+0, 1.69886e+0, 0.00000e+0, 4.69671e+2, 0.00000e+0, 5.03763e+2, 0.00000e+0, 3.63517e+1, 0.00000e+0, 3.75363e+1, 0.00000e+0, 2.66904e+0, 0.00000e+0, 2.36256e+0, 0.00000e+0, 2.00000e+1, 0.00000e+0, 7.00000e+0, 0.00000e+0, 3, -1, Disabled
07/08/2024 16:32:12.049, 07/08/2024 16:32:11.967, 4.11100e+0, 0.00000e+0, 9.83493e+1, 0.00000e+0, 1.67532e+0, 0.00000e+0, 2.12917e+4, 0.00000e+0, 2.45573e+4, 0.00000e+0, 4.62843e+2, 0.00000e+0, 1.71177e+0, 0.00000e+0, 4.72913e+2, 0.00000e+0, 5.03596e+2, 0.00000e+0, 3.63467e+1, 0.00000e+0, 3.75455e+1, 0.00000e+0, 2.66826e+0, 0.00000e+0, 2.36235e+0, 0.00000e+0, 2.00000e+1, 0.00000e+0, 7.00000e+0, 0.00000e+0, 3, -1, Disabled
07/08/2024 16:32:13.022, 07/08/2024 16:32:12.961, 4.11146e+0, 0.00000e+0, 9.83602e+1, 0.00000e+0, 1.67983e+0, 0.00000e+0, 2.10670e+4, 0.00000e+0, 2.38863e+4, 0.00000e+0, 4.61798e+2, 0.00000e+0, 1.71598e+0, 0.00000e+0, 4.71736e+2, 0.00000e+0, 5.03663e+2, 0.00000e+0, 3.63486e+1, 0.00000e+0, 3.75309e+1, 0.00000e+0, 2.66817e+0, 0.00000e+0, 2.36279e+0, 0.00000e+0, 2.00000e+1, 0.00000e+0, 7.00000e+0, 0.00000e+0, 3, -1, Disabled
07/08/2024 16:32:14.012, 07/08/2024 16:32:13.956, 4.11076e+0, 0.00000e+0, 9.83437e+1, 0.00000e+0, 1.65482e+0, 0.00000e+0, 2.06209e+4, 0.00000e+0, 2.35593e+4, 0.00000e+0, 4.67071e+2, 0.00000e+0, 1.68966e+0, 0.00000e+0, 4.76905e+2, 0.00000e+0, 5.03664e+2, 0.00000e+0, 3.63550e+1, 0.00000e+0, 3.75744e+1, 0.00000e+0, 2.66952e+0, 0.00000e+0, 2.36239e+0, 0.00000e+0, 2.00000e+1, 0.00000e+0, 7.00000e+0, 0.00000e+0, 3, -1, Disabled
07/08/2024 16:32:15.029, 07/08/2024 16:32:14.951, 4.11113e+0, 0.00000e+0, 9.83524e+1, 0.00000e+0, 1.67029e+0, 0.00000e+0, 2.12263e+4, 0.00000e+0, 2.36371e+4, 0.00000e+0, 4.64530e+2, 0.00000e+0, 1.70651e+0, 0.00000e+0, 4.74604e+2, 0.00000e+0, 5.03671e+2, 0.00000e+0, 3.63562e+1, 0.00000e+0, 3.75219e+1, 0.00000e+0, 2.66749e+0, 0.00000e+0, 2.36184e+0, 0.00000e+0, 2.00000e+1, 0.00000e+0, 7.00000e+0, 0.00000e+0, 3, -1, Disabled
07/08/2024 16:32:16.022, 07/08/2024 16:32:15.945, 4.11025e+0, 0.00000e+0, 9.83314e+1, 0.00000e+0, 1.66002e+0, 0.00000e+0, 2.04386e+4, 0.00000e+0, 2.28762e+4, 0.00000e+0, 4.61333e+2, 0.00000e+0, 1.69466e+0, 0.00000e+0, 4.70959e+2, 0.00000e+0, 5.03596e+2, 0.00000e+0, 3.63556e+1, 0.00000e+0, 3.75616e+1, 0.00000e+0, 2.66810e+0, 0.00000e+0, 2.36084e+0, 0.00000e+0, 2.00000e+1, 0.00000e+0, 7.00000e+0, 0.00000e+0, 3, -1, Disabled
07/08/2024 16:32:17.019, 07/08/2024 16:32:16.939, 4.11120e+0, 0.00000e+0, 9.83540e+1, 0.00000e+0, 1.66093e+0, 0.00000e+0, 2.08688e+4, 0.00000e+0, 2.36097e+4, 0.00000e+0, 4.64081e+2, 0.00000e+0, 1.69633e+0, 0.00000e+0, 4.73972e+2, 0.00000e+0, 5.03591e+2, 0.00000e+0, 3.63504e+1, 0.00000e+0, 3.75119e+1, 0.00000e+0, 2.66941e+0, 0.00000e+0, 2.36139e+0, 0.00000e+0, 2.00000e+1, 0.00000e+0, 7.00000e+0, 0.00000e+0, 3, -1, Disabled
07/08/2024 16:32:17.987, 07/08/2024 16:32:17.935, 4.11081e+0, 0.00000e+0, 9.83446e+1, 0.00000e+0, 1.66525e+0, 0.00000e+0, 2.09815e+4, 0.00000e+0, 2.32557e+4, 0.00000e+0, 4.63676e+2, 0.00000e+0, 1.70094e+0, 0.00000e+0, 4.73613e+2, 0.00000e+0, 5.03673e+2, 0.00000e+0, 3.63530e+1, 0.00000e+0, 3.75725e+1, 0.00000e+0, 2.66760e+0, 0.00000e+0, 2.36175e+0, 0.00000e+0, 2.00000e+1, 0.00000e+0, 7.00000e+0, 0.00000e+0, 3, -1, Disabled
07/08/2024 16:32:19.013, 07/08/2024 16:32:18.928, 4.11133e+0, 0.00000e+0, 9.83571e+1, 0.00000e+0, 1.67017e+0, 0.00000e+0, 2.06609e+4, 0.00000e+0, 2.29869e+4, 0.00000e+0, 4.57830e+2, 0.00000e+0, 1.70540e+0, 0.00000e+0, 4.67489e+2, 0.00000e+0, 5.03637e+2, 0.00000e+0, 3.63456e+1, 0.00000e+0, 3.75078e+1, 0.00000e+0, 2.66796e+0, 0.00000e+0, 2.36181e+0, 0.00000e+0, 2.00000e+1, 0.00000e+0, 7.00000e+0, 0.00000e+0, 3, -1, Disabled
07/08/2024 16:32:20.004, 07/08/2024 16:32:19.923, 4.11116e+0, 0.00000e+0, 9.83532e+1, 0.00000e+0, 1.66236e+0, 0.00000e+0, 2.13172e+4, 0.00000e+0, 2.41796e+4, 0.00000e+0, 4.65523e+2, 0.00000e+0, 1.69857e+0, 0.00000e+0, 4.75663e+2, 0.00000e+0, 5.03697e+2, 0.00000e+0, 3.63478e+1, 0.00000e+0, 3.75683e+1, 0.00000e+0, 2.66882e+0, 0.00000e+0, 2.36252e+0, 0.00000e+0, 2.00000e+1, 0.00000e+0, 7.00000e+0, 0.00000e+0, 3, -1, Disabled
07/08/2024 16:32:20.994, 07/08/2024 16:32:20.917, 4.11139e+0, 0.00000e+0, 9.83586e+1, 0.00000e+0, 1.65684e+0, 0.00000e+0, 2.07836e+4, 0.00000e+0, 2.34913e+4, 0.00000e+0, 4.65320e+2, 0.00000e+0, 1.69200e+0, 0.00000e+0, 4.75196e+2, 0.00000e+0, 5.03577e+2, 0.00000e+0, 3.63501e+1, 0.00000e+0, 3.75369e+1, 0.00000e+0, 2.66938e+0, 0.00000e+0, 2.36205e+0, 0.00000e+0, 2.00000e+1, 0.00000e+0, 7.00000e+0, 0.00000e+0, 3, -1, Disabled
07/08/2024 16:32:21.989, 07/08/2024 16:32:21.913, 4.11100e+0, 0.00000e+0, 9.83493e+1, 0.00000e+0, 1.66171e+0, 0.00000e+0, 2.12667e+4, 0.00000e+0, 2.41318e+4, 0.00000e+0, 4.62496e+2, 0.00000e+0, 1.69782e+0, 0.00000e+0, 4.72545e+2, 0.00000e+0, 5.03683e+2, 0.00000e+0, 3.63486e+1, 0.00000e+0, 3.75854e+1, 0.00000e+0, 2.66792e+0, 0.00000e+0, 2.36269e+0, 0.00000e+0, 2.00000e+1, 0.00000e+0, 7.00000e+0, 0.00000e+0, 3, -1, Disabled
07/08/2024 16:32:22.987, 07/08/2024 16:32:22.906, 4.11146e+0, 0.00000e+0, 9.83602e+1, 0.00000e+0, 1.67362e+0, 0.00000e+0, 2.11913e+4, 0.00000e+0, 2.37813e+4, 0.00000e+0, 4.62950e+2, 0.00000e+0, 1.70986e+0, 0.00000e+0, 4.72973e+2, 0.00000e+0, 5.03517e+2, 0.00000e+0, 3.63487e+1, 0.00000e+0, 3.75272e+1, 0.00000e+0, 2.67030e+0, 0.00000e+0, 2.36204e+0, 0.00000e+0, 2.00000e+1, 0.00000e+0, 7.00000e+0, 0.00000e+0, 3, -1, Disabled
07/08/2024 16:32:23.978, 07/08/2024 16:32:23.901, 4.11102e+0, 0.00000e+0, 9.83498e+1, 0.00000e+0, 1.66109e+0, 0.00000e+0, 2.10328e+4, 0.00000e+0, 2.37193e+4, 0.00000e+0, 4.59494e+2, 0.00000e+0, 1.69678e+0, 0.00000e+0, 4.69366e+2, 0.00000e+0, 5.03716e+2, 0.00000e+0, 3.63598e+1, 0.00000e+0, 3.75605e+1, 0.00000e+0, 2.66941e+0, 0.00000e+0, 2.36091e+0, 0.00000e+0, 2.00000e+1, 0.00000e+0, 7.00000e+0, 0.00000e+0, 3, -1, Disabled
07/08/2024 16:32:24.976, 07/08/2024 16:32:24.896, 4.11129e+0, 0.00000e+0, 9.83562e+1, 0.00000e+0, 1.68197e+0, 0.00000e+0, 2.13676e+4, 0.00000e+0, 2.38870e+4, 0.00000e+0, 4.59236e+2, 0.00000e+0, 1.71870e+0, 0.00000e+0, 4.69263e+2, 0.00000e+0, 5.03576e+2, 0.00000e+0, 3.63472e+1, 0.00000e+0, 3.75316e+1, 0.00000e+0, 2.66812e+0, 0.00000e+0, 2.36105e+0, 0.00000e+0, 2.00000e+1, 0.00000e+0, 7.00000e+0, 0.00000e+0, 3, -1, Disabled
07/08/2024 16:32:25.948, 07/08/2024 16:32:25.890, 4.11109e+0, 0.00000e+0, 9.83514e+1, 0.00000e+0, 1.66421e+0, 0.00000e+0, 2.12314e+4, 0.00000e+0, 2.34890e+4, 0.00000e+0, 4.64075e+2, 0.00000e+0, 1.70031e+0, 0.00000e+0, 4.74142e+2, 0.00000e+0, 5.03689e+2, 0.00000e+0, 3.63577e+1, 0.00000e+0, 3.75595e+1, 0.00000e+0, 2.66944e+0, 0.00000e+0, 2.36111e+0, 0.00000e+0, 2.00000e+1, 0.00000e+0, 7.00000e+0, 0.00000e+0, 3, -1, Disabled
07/08/2024 16:32:26.951, 07/08/2024 16:32:26.885, 4.11131e+0, 0.00000e+0, 9.83566e+1, 0.00000e+0, 1.65071e+0, 0.00000e+0, 2.10681e+4, 0.00000e+0, 2.38702e+4, 0.00000e+0, 4.59065e+2, 0.00000e+0, 1.68623e+0, 0.00000e+0, 4.68945e+2, 0.00000e+0, 5.03519e+2, 0.00000e+0, 3.63554e+1, 0.00000e+0, 3.75360e+1, 0.00000e+0, 2.66942e+0, 0.00000e+0, 2.36195e+0, 0.00000e+0, 2.00000e+1, 0.00000e+0, 7.00000e+0, 0.00000e+0, 3, -1, Disabled
07/08/2024 16:32:27.935, 07/08/2024 16:32:27.879, 4.11094e+0, 0.00000e+0, 9.83477e+1, 0.00000e+0, 1.65656e+0, 0.00000e+0, 2.13166e+4, 0.00000e+0, 2.35677e+4, 0.00000e+0, 4.61756e+2, 0.00000e+0, 1.69264e+0, 0.00000e+0, 4.71813e+2, 0.00000e+0, 5.03672e+2, 0.00000e+0, 3.63487e+1, 0.00000e+0, 3.75687e+1, 0.00000e+0, 2.66981e+0, 0.00000e+0, 2.36211e+0, 0.00000e+0, 2.00000e+1, 0.00000e+0, 7.00000e+0, 0.00000e+0, 3, -1, Disabled
07/08/2024 16:32:28.948, 07/08/2024 16:32:28.875, 4.11143e+0, 0.00000e+0, 9.83596e+1, 0.00000e+0, 1.64644e+0, 0.00000e+0, 2.10995e+4, 0.00000e+0, 2.38621e+4, 0.00000e+0, 4.60162e+2, 0.00000e+0, 1.68193e+0, 0.00000e+0, 4.70080e+2, 0.00000e+0, 5.03510e+2, 0.00000e+0, 3.63494e+1, 0.00000e+0, 3.75442e+1, 0.00000e+0, 2.66873e+0, 0.00000e+0, 2.36198e+0, 0.00000e+0, 2.00000e+1, 0.00000e+0, 7.00000e+0, 0.00000e+0, 3, -1, Disabled
07/08/2024 16:32:29.925, 07/08/2024 16:32:29.869, 4.11151e+0, 0.00000e+0, 9.83614e+1, 0.00000e+0, 1.66326e+0, 0.00000e+0, 2.10825e+4, 0.00000e+0, 2.31988e+4, 0.00000e+0, 4.63440e+2, 0.00000e+0, 1.69909e+0, 0.00000e+0, 4.73421e+2, 0.00000e+0, 5.03708e+2, 0.00000e+0, 3.63551e+1, 0.00000e+0, 3.75596e+1, 0.00000e+0, 2.66933e+0, 0.00000e+0, 2.36177e+0, 0.00000e+0, 2.00000e+1, 0.00000e+0, 7.00000e+0, 0.00000e+0, 3, -1, Disabled
07/08/2024 16:32:30.926, 07/08/2024 16:32:30.863, 4.11102e+0, 0.00000e+0, 9.83498e+1, 0.00000e+0, 1.64721e+0, 0.00000e+0, 2.11253e+4, 0.00000e+0, 2.37065e+4, 0.00000e+0, 4.60983e+2, 0.00000e+0, 1.68276e+0, 0.00000e+0, 4.70931e+2, 0.00000e+0, 5.03532e+2, 0.00000e+0, 3.63537e+1, 0.00000e+0, 3.75781e+1, 0.00000e+0, 2.66784e+0, 0.00000e+0, 2.36123e+0, 0.00000e+0, 2.00000e+1, 0.00000e+0, 7.00000e+0, 0.00000e+0, 3, -1, Disabled
07/08/2024 16:32:31.935, 07/08/2024 16:32:31.858, 4.11157e+0, 0.00000e+0, 9.83629e+1, 0.00000e+0, 1.65987e+0, 0.00000e+0, 2.10607e+4, 0.00000e+0, 2.39121e+4, 0.00000e+0, 4.61113e+2, 0.00000e+0, 1.69558e+0, 0.00000e+0, 4.71033e+2, 0.00000e+0, 5.03653e+2, 0.00000e+0, 3.63537e+1, 0.00000e+0, 3.75737e+1, 0.00000e+0, 2.66900e+0, 0.00000e+0, 2.36126e+0, 0.00000e+0, 2.00000e+1, 0.00000e+0, 7.00000e+0, 0.00000e+0, 3, -1, Disabled
07/08/2024 16:32:32.912, 07/08/2024 16:32:32.852, 4.11097e+0, 0.00000e+0, 9.83487e+1, 0.00000e+0, 1.67036e+0, 0.00000e+0, 2.15627e+4, 0.00000e+0, 2.37922e+4, 0.00000e+0, 4.64143e+2, 0.00000e+0, 1.70718e+0, 0.00000e+0, 4.74372e+2, 0.00000e+0, 5.03454e+2, 0.00000e+0, 3.63496e+1, 0.00000e+0, 3.75834e+1, 0.00000e+0, 2.66721e+0, 0.00000e+0, 2.36133e+0, 0.00000e+0, 2.00000e+1, 0.00000e+0, 7.00000e+0, 0.00000e+0, 3, -1, Disabled
07/08/2024 16:32:33.924, 07/08/2024 16:32:33.848, 4.11116e+0, 0.00000e+0, 9.83531e+1, 0.00000e+0, 1.66604e+0, 0.00000e+0, 2.15513e+4, 0.00000e+0, 2.34958e+4, 0.00000e+0, 4.62212e+2, 0.00000e+0, 1.70273e+0, 0.00000e+0, 4.72392e+2, 0.00000e+0, 5.03576e+2, 0.00000e+0, 3.63496e+1, 0.00000e+0, 3.75585e+1, 0.00000e+0, 2.66758e+0, 0.00000e+0, 2.36023e+0, 0.00000e+0, 2.00000e+1, 0.00000e+0, 7.00000e+0, 0.00000e+0, 3, -1, Disabled
07/08/2024 16:32:34.922, 07/08/2024 16:32:34.842, 4.11117e+0, 0.00000e+0, 9.83533e+1, 0.00000e+0, 1.65656e+0, 0.00000e+0, 2.17529e+4, 0.00000e+0, 2.39545e+4, 0.00000e+0, 4.62606e+2, 0.00000e+0, 1.69340e+0, 0.00000e+0, 4.72892e+2, 0.00000e+0, 5.03523e+2, 0.00000e+0, 3.63534e+1, 0.00000e+0, 3.75990e+1, 0.00000e+0, 2.66703e+0, 0.00000e+0, 2.36094e+0, 0.00000e+0, 2.00000e+1, 0.00000e+0, 7.00000e+0, 0.00000e+0, 3, -1, Disabled
07/08/2024 16:32:35.893, 07/08/2024 16:32:35.835, 4.11115e+0, 0.00000e+0, 9.83530e+1, 0.00000e+0, 1.67519e+0, 0.00000e+0, 2.16120e+4, 0.00000e+0, 2.42207e+4, 0.00000e+0, 4.65624e+2, 0.00000e+0, 1.71219e+0, 0.00000e+0, 4.75910e+2, 0.00000e+0, 5.03586e+2, 0.00000e+0, 3.63552e+1, 0.00000e+0, 3.75794e+1, 0.00000e+0, 2.66672e+0, 0.00000e+0, 2.36087e+0, 0.00000e+0, 2.00000e+1, 0.00000e+0, 7.00000e+0, 0.00000e+0, 3, -1, Disabled
07/08/2024 16:32:36.885, 07/08/2024 16:32:36.830, 4.11099e+0, 0.00000e+0, 9.83491e+1, 0.00000e+0, 1.64665e+0, 0.00000e+0, 2.07637e+4, 0.00000e+0, 2.37557e+4, 0.00000e+0, 4.65780e+2, 0.00000e+0, 1.68156e+0, 0.00000e+0, 4.75656e+2, 0.00000e+0, 5.03609e+2, 0.00000e+0, 3.63495e+1, 0.00000e+0, 3.76338e+1, 0.00000e+0, 2.66533e+0, 0.00000e+0, 2.35927e+0, 0.00000e+0, 2.00000e+1, 0.00000e+0, 7.00000e+0, 0.00000e+0, 3, -1, Disabled
07/08/2024 16:32:37.879, 07/08/2024 16:32:37.826, 4.11108e+0, 0.00000e+0, 9.83512e+1, 0.00000e+0, 1.65735e+0, 0.00000e+0, 2.14494e+4, 0.00000e+0, 2.35816e+4, 0.00000e+0, 4.60404e+2, 0.00000e+0, 1.69368e+0, 0.00000e+0, 4.70496e+2, 0.00000e+0, 5.03601e+2, 0.00000e+0, 3.63807e+1, 0.00000e+0, 3.75845e+1, 0.00000e+0, 2.66492e+0, 0.00000e+0, 2.35995e+0, 0.00000e+0, 2.00000e+1, 0.00000e+0, 7.00000e+0, 0.00000e+0, 3, -1, Disabled
07/08/2024 16:32:38.906, 07/08/2024 16:32:38.820, 4.11093e+0, 0.00000e+0, 9.83476e+1, 0.00000e+0, 1.66487e+0, 0.00000e+0, 2.16128e+4, 0.00000e+0, 2.39410e+4, 0.00000e+0, 4.61168e+2, 0.00000e+0, 1.70165e+0, 0.00000e+0, 4.71355e+2, 0.00000e+0, 5.03561e+2, 0.00000e+0, 3.63526e+1, 0.00000e+0, 3.76334e+1, 0.00000e+0, 2.66470e+0, 0.00000e+0, 2.35924e+0, 0.00000e+0, 2.00000e+1, 0.00000e+0, 7.00000e+0, 0.00000e+0, 3, -1, Disabled
07/08/2024 16:32:39.892, 07/08/2024 16:32:39.815, 4.11124e+0, 0.00000e+0, 9.83550e+1, 0.00000e+0, 1.67170e+0, 0.00000e+0, 2.14013e+4, 0.00000e+0, 2.46764e+4, 0.00000e+0, 4.62505e+2, 0.00000e+0, 1.70826e+0, 0.00000e+0, 4.72620e+2, 0.00000e+0, 5.03528e+2, 0.00000e+0, 3.63525e+1, 0.00000e+0, 3.75877e+1, 0.00000e+0, 2.66504e+0, 0.00000e+0, 2.36006e+0, 0.00000e+0, 2.00000e+1, 0.00000e+0, 7.00000e+0, 0.00000e+0, 3, -1, Disabled
07/08/2024 16:32:40.890, 07/08/2024 16:32:40.808, 4.11096e+0, 0.00000e+0, 9.83482e+1, 0.00000e+0, 1.67403e+0, 0.00000e+0, 2.15991e+4, 0.00000e+0, 2.34677e+4, 0.00000e+0, 4.63383e+2, 0.00000e+0, 1.71098e+0, 0.00000e+0, 4.73612e+2, 0.00000e+0, 5.03681e+2, 0.00000e+0, 3.63555e+1, 0.00000e+0, 3.76390e+1, 0.00000e+0, 2.66287e+0, 0.00000e+0, 2.36018e+0, 0.00000e+0, 2.00000e+1, 0.00000e+0, 7.00000e+0, 0.00000e+0, 3, -1, Disabled
07/08/2024 16:32:41.883, 07/08/2024 16:32:41.804, 4.11108e+0, 0.00000e+0, 9.83511e+1, 0.00000e+0, 1.65813e+0, 0.00000e+0, 2.12446e+4, 0.00000e+0, 2.40354e+4, 0.00000e+0, 4.59165e+2, 0.00000e+0, 1.69412e+0, 0.00000e+0, 4.69132e+2, 0.00000e+0, 5.03536e+2, 0.00000e+0, 3.63564e+1, 0.00000e+0, 3.75908e+1, 0.00000e+0, 2.66251e+0, 0.00000e+0, 2.35835e+0, 0.00000e+0, 2.00000e+1, 0.00000e+0, 7.00000e+0, 0.00000e+0, 3, -1, Disabled
07/08/2024 16:32:42.859, 07/08/2024 16:32:42.799, 4.11110e+0, 0.00000e+0, 9.83517e+1, 0.00000e+0, 1.65122e+0, 0.00000e+0, 2.08333e+4, 0.00000e+0, 2.38651e+4, 0.00000e+0, 4.63979e+2, 0.00000e+0, 1.68636e+0, 0.00000e+0, 4.73851e+2, 0.00000e+0, 5.03660e+2, 0.00000e+0, 3.63534e+1, 0.00000e+0, 3.76525e+1, 0.00000e+0, 2.66273e+0, 0.00000e+0, 2.36008e+0, 0.00000e+0, 2.00000e+1, 0.00000e+0, 7.00000e+0, 0.00000e+0, 3, -1, Disabled
07/08/2024 16:32:43.849, 07/08/2024 16:32:43.792, 4.11132e+0, 0.00000e+0, 9.83570e+1, 0.00000e+0, 1.67517e+0, 0.00000e+0, 2.13327e+4, 0.00000e+0, 2.39719e+4, 0.00000e+0, 4.62504e+2, 0.00000e+0, 1.71169e+0, 0.00000e+0, 4.72586e+2, 0.00000e+0, 5.03513e+2, 0.00000e+0, 3.63599e+1, 0.00000e+0, 3.76075e+1, 0.00000e+0, 2.66299e+0, 0.00000e+0, 2.35946e+0, 0.00000e+0, 2.00000e+1, 0.00000e+0, 7.00000e+0, 0.00000e+0, 3, -1, Disabled
07/08/2024 16:32:44.846, 07/08/2024 16:32:44.786, 4.11100e+0, 0.00000e+0, 9.83493e+1, 0.00000e+0, 1.66170e+0, 0.00000e+0, 2.10673e+4, 0.00000e+0, 2.37927e+4, 0.00000e+0, 4.67410e+2, 0.00000e+0, 1.69746e+0, 0.00000e+0, 4.77469e+2, 0.00000e+0, 5.03653e+2, 0.00000e+0, 3.63566e+1, 0.00000e+0, 3.76396e+1, 0.00000e+0, 2.66264e+0, 0.00000e+0, 2.35915e+0, 0.00000e+0, 2.00000e+1, 0.00000e+0, 7.00000e+0, 0.00000e+0, 3, -1, Disabled
07/08/2024 16:32:45.841, 07/08/2024 16:32:45.781, 4.11098e+0, 0.00000e+0, 9.83487e+1, 0.00000e+0, 1.64995e+0, 0.00000e+0, 2.10076e+4, 0.00000e+0, 2.35693e+4, 0.00000e+0, 4.63038e+2, 0.00000e+0, 1.68535e+0, 0.00000e+0, 4.72974e+2, 0.00000e+0, 5.03490e+2, 0.00000e+0, 3.63560e+1, 0.00000e+0, 3.76322e+1, 0.00000e+0, 2.66159e+0, 0.00000e+0, 2.35914e+0, 0.00000e+0, 2.00000e+1, 0.00000e+0, 7.00000e+0, 0.00000e+0, 3, -1, Disabled
07/08/2024 16:32:46.831, 07/08/2024 16:32:46.777, 4.11098e+0, 0.00000e+0, 9.83488e+1, 0.00000e+0, 1.66342e+0, 0.00000e+0, 2.13346e+4, 0.00000e+0, 2.40433e+4, 0.00000e+0, 4.58400e+2, 0.00000e+0, 1.69969e+0, 0.00000e+0, 4.68393e+2, 0.00000e+0, 5.03684e+2, 0.00000e+0, 3.63560e+1, 0.00000e+0, 3.76490e+1, 0.00000e+0, 2.66307e+0, 0.00000e+0, 2.35772e+0, 0.00000e+0, 2.00000e+1, 0.00000e+0, 7.00000e+0, 0.00000e+0, 3, -1, Disabled
07/08/2024 16:32:47.828, 07/08/2024 16:32:47.770, 4.11098e+0, 0.00000e+0, 9.83487e+1, 0.00000e+0, 1.64906e+0, 0.00000e+0, 2.11811e+4, 0.00000e+0, 2.37179e+4, 0.00000e+0, 4.55410e+2, 0.00000e+0, 1.68474e+0, 0.00000e+0, 4.65265e+2, 0.00000e+0, 5.03516e+2, 0.00000e+0, 3.63575e+1, 0.00000e+0, 3.76271e+1, 0.00000e+0, 2.66232e+0, 0.00000e+0, 2.35832e+0, 0.00000e+0, 2.00000e+1, 0.00000e+0, 7.00000e+0, 0.00000e+0, 3, -1, Disabled
07/08/2024 16:32:48.846, 07/08/2024 16:32:48.764, 4.11129e+0, 0.00000e+0, 9.83561e+1, 0.00000e+0, 1.65612e+0, 0.00000e+0, 2.15183e+4, 0.00000e+0, 2.42263e+4, 0.00000e+0, 4.62426e+2, 0.00000e+0, 1.69254e+0, 0.00000e+0, 4.72595e+2, 0.00000e+0, 5.03663e+2, 0.00000e+0, 3.63570e+1, 0.00000e+0, 3.76327e+1, 0.00000e+0, 2.66320e+0, 0.00000e+0, 2.35904e+0, 0.00000e+0, 2.00000e+1, 0.00000e+0, 7.00000e+0, 0.00000e+0, 3, -1, Disabled
07/08/2024 16:32:49.835, 07/08/2024 16:32:49.760, 4.11114e+0, 0.00000e+0, 9.83527e+1, 0.00000e+0, 1.65051e+0, 0.00000e+0, 2.12659e+4, 0.00000e+0, 2.38710e+4, 0.00000e+0, 4.62203e+2, 0.00000e+0, 1.68637e+0, 0.00000e+0, 4.72246e+2, 0.00000e+0, 5.03572e+2, 0.00000e+0, 3.63542e+1, 0.00000e+0, 3.76575e+1, 0.00000e+0, 2.66244e+0, 0.00000e+0, 2.35891e+0, 0.00000e+0, 2.00000e+1, 0.00000e+0, 7.00000e+0, 0.00000e+0, 3, -1, Disabled
07/08/2024 16:32:50.836, 07/08/2024 16:32:50.755, 4.11097e+0, 0.00000e+0, 9.83486e+1, 0.00000e+0, 1.65479e+0, 0.00000e+0, 2.08345e+4, 0.00000e+0, 2.34047e+4, 0.00000e+0, 4.54628e+2, 0.00000e+0, 1.69000e+0, 0.00000e+0, 4.64301e+2, 0.00000e+0, 5.03687e+2, 0.00000e+0, 3.63546e+1, 0.00000e+0, 3.76445e+1, 0.00000e+0, 2.66236e+0, 0.00000e+0, 2.35769e+0, 0.00000e+0, 2.00000e+1, 0.00000e+0, 7.00000e+0, 0.00000e+0, 3, -1, Disabled
07/08/2024 16:32:51.807, 07/08/2024 16:32:51.748, 4.11059e+0, 0.00000e+0, 9.83395e+1, 0.00000e+0, 1.67518e+0, 0.00000e+0, 2.09257e+4, 0.00000e+0, 2.34717e+4, 0.00000e+0, 4.56162e+2, 0.00000e+0, 1.71098e+0, 0.00000e+0, 4.65912e+2, 0.00000e+0, 5.03525e+2, 0.00000e+0, 3.63552e+1, 0.00000e+0, 3.76652e+1, 0.00000e+0, 2.66117e+0, 0.00000e+0, 2.35819e+0, 0.00000e+0, 2.00000e+1, 0.00000e+0, 7.00000e+0, 0.00000e+0, 3, -1, Disabled
07/08/2024 16:32:52.800, 07/08/2024 16:32:52.743, 4.11102e+0, 0.00000e+0, 9.83497e+1, 0.00000e+0, 1.67251e+0, 0.00000e+0, 2.03478e+4, 0.00000e+0, 2.35809e+4, 0.00000e+0, 4.53740e+2, 0.00000e+0, 1.70725e+0, 0.00000e+0, 4.63165e+2, 0.00000e+0, 5.03633e+2, 0.00000e+0, 3.63618e+1, 0.00000e+0, 3.76348e+1, 0.00000e+0, 2.66237e+0, 0.00000e+0, 2.35822e+0, 0.00000e+0, 2.00000e+1, 0.00000e+0, 7.00000e+0, 0.00000e+0, 3, -1, Disabled
07/08/2024 16:32:53.792, 07/08/2024 16:32:53.738, 4.11099e+0, 0.00000e+0, 9.83491e+1, 0.00000e+0, 1.65945e+0, 0.00000e+0, 2.06958e+4, 0.00000e+0, 2.33841e+4, 0.00000e+0, 4.61813e+2, 0.00000e+0, 1.69451e+0, 0.00000e+0, 4.71573e+2, 0.00000e+0, 5.03504e+2, 0.00000e+0, 3.63538e+1, 0.00000e+0, 3.76600e+1, 0.00000e+0, 2.66149e+0, 0.00000e+0, 2.35911e+0, 0.00000e+0, 2.00000e+1, 0.00000e+0, 7.00000e+0, 0.00000e+0, 3, -1, Disabled
07/08/2024 16:32:54.814, 07/08/2024 16:32:54.732, 4.11131e+0, 0.00000e+0, 9.83568e+1, 0.00000e+0, 1.66235e+0, 0.00000e+0, 2.12180e+4, 0.00000e+0, 2.38485e+4, 0.00000e+0, 4.61839e+2, 0.00000e+0, 1.69838e+0, 0.00000e+0, 4.71851e+2, 0.00000e+0, 5.03640e+2, 0.00000e+0, 3.63618e+1, 0.00000e+0, 3.76513e+1, 0.00000e+0, 2.66399e+0, 0.00000e+0, 2.35922e+0, 0.00000e+0, 2.00000e+1, 0.00000e+0, 7.00000e+0, 0.00000e+0, 3, -1, Disabled
07/08/2024 16:32:55.807, 07/08/2024 16:32:55.726, 4.11004e+0, 0.00000e+0, 9.83264e+1, 0.00000e+0, 1.66386e+0, 0.00000e+0, 2.10505e+4, 0.00000e+0, 2.37101e+4, 0.00000e+0, 4.63697e+2, 0.00000e+0, 1.69963e+0, 0.00000e+0, 4.73668e+2, 0.00000e+0, 5.03543e+2, 0.00000e+0, 3.63642e+1, 0.00000e+0, 3.76902e+1, 0.00000e+0, 2.66263e+0, 0.00000e+0, 2.35875e+0, 0.00000e+0, 2.00000e+1, 0.00000e+0, 7.00000e+0, 0.00000e+0, 3, -1, Disabled
07/08/2024 16:32:56.802, 07/08/2024 16:32:56.722, 4.11110e+0, 0.00000e+0, 9.83516e+1, 0.00000e+0, 1.65795e+0, 0.00000e+0, 2.09701e+4, 0.00000e+0, 2.39341e+4, 0.00000e+0, 4.62156e+2, 0.00000e+0, 1.69346e+0, 0.00000e+0, 4.72055e+2, 0.00000e+0, 5.03602e+2, 0.00000e+0, 3.63601e+1, 0.00000e+0, 3.76549e+1, 0.00000e+0, 2.66294e+0, 0.00000e+0, 2.35971e+0, 0.00000e+0, 2.00000e+1, 0.00000e+0, 7.00000e+0, 0.00000e+0, 3, -1, Disabled
07/08/2024 16:32:57.779, 07/08/2024 16:32:57.723, 4.11032e+0, 0.00000e+0, 9.83331e+1, 0.00000e+0, 1.66914e+0, 0.00000e+0, 2.14403e+4, 0.00000e+0, 2.40436e+4, 0.00000e+0, 4.63338e+2, 0.00000e+0, 1.70571e+0, 0.00000e+0, 4.73490e+2, 0.00000e+0, 5.03503e+2, 0.00000e+0, 3.63699e+1, 0.00000e+0, 3.76826e+1, 0.00000e+0, 2.66433e+0, 0.00000e+0, 2.35991e+0, 0.00000e+0, 2.00000e+1, 0.00000e+0, 7.00000e+0, 0.00000e+0, 3, -1, Disabled
07/08/2024 16:32:58.769, 07/08/2024 16:32:58.718, 4.10635e+0, 0.00000e+0, 9.82379e+1, 0.00000e+0, 1.66431e+0, 0.00000e+0, 2.05093e+4, 0.00000e+0, 2.39993e+4, 0.00000e+0, 4.64170e+2, 0.00000e+0, 1.69916e+0, 0.00000e+0, 4.73889e+2, 0.00000e+0, 5.03336e+2, 0.00000e+0, 3.63944e+1, 0.00000e+0, 3.76085e+1, 0.00000e+0, 2.66317e+0, 0.00000e+0, 2.35845e+0, 0.00000e+0, 2.00000e+1, 0.00000e+0, 7.00000e+0, 0.00000e+0, 3, -1, Disabled
07/08/2024 16:32:59.788, 07/08/2024 16:32:59.712, 4.10751e+0, 0.00000e+0, 9.82657e+1, 0.00000e+0, 1.66523e+0, 0.00000e+0, 1.99341e+4, 0.00000e+0, 2.32724e+4, 0.00000e+0, 4.61102e+2, 0.00000e+0, 1.69910e+0, 0.00000e+0, 4.70480e+2, 0.00000e+0, 5.03387e+2, 0.00000e+0, 3.63932e+1, 0.00000e+0, 3.76640e+1, 0.00000e+0, 2.66279e+0, 0.00000e+0, 2.35917e+0, 0.00000e+0, 2.00000e+1, 0.00000e+0, 7.00000e+0, 0.00000e+0, 3, -1, Disabled
07/08/2024 16:33:00.786, 07/08/2024 16:33:00.708, 4.10697e+0, 0.00000e+0, 9.82529e+1, 0.00000e+0, 1.66347e+0, 0.00000e+0, 2.13630e+4, 0.00000e+0, 2.42178e+4, 0.00000e+0, 4.62934e+2, 0.00000e+0, 1.69978e+0, 0.00000e+0, 4.73039e+2, 0.00000e+0, 5.03454e+2, 0.00000e+0, 3.63968e+1, 0.00000e+0, 3.76250e+1, 0.00000e+0, 2.66239e+0, 0.00000e+0, 2.35870e+0, 0.00000e+0, 2.00000e+1, 0.00000e+0, 7.00000e+0, 0.00000e+0, 3, -1, Disabled
