SN:3K60180500001585 BD:Jul 23 2018 VC:834b9c1 MD5:48f99e4865ed8b810be1bb0eaaabf929
SysTime,                      Time,         Batt_v,      Batt_v_sd,   BATT_PERCENT,BATT_PERCENT_sd,      [CH4]_ppm,   [CH4]_ppm_sd,      [H2O]_ppm,   [H2O]_ppm_sd,     [H2Oa]_ppm,  [H2Oa]_ppm_sd,      [CO2]_ppm,   [CO2]_ppm_sd,     [CH4]d_ppm,  [CH4]d_ppm_sd,     [CO2]d_ppm,  [CO2]d_ppm_sd,      GasP_torr,   GasP_torr_sd,         GasT_C,      GasT_C_sd,         AmbT_C,      AmbT_C_sd,         RD0_us,      RD0_us_sd,         RD1_us,      RD1_us_sd, Temp_Status_mA,Temp_Status_mA_sd,Analyzer_Status_mA,Analyzer_Status_mA_sd,       Fit_Flag,      MIU_VALVE,       MIU_DESC
06/25/2024 13:56:50.427, 06/25/2024 13:56:50.354, 4.11647e+0, 0.00000e+0, 9.84802e+1, 0.00000e+0, 1.68146e+0, 0.00000e+0, 1.40552e+4, 0.00000e+0, 1.67405e+4, 0.00000e+0, 5.08346e+2, 0.00000e+0, 1.70543e+0, 0.00000e+0, 5.15593e+2, 0.00000e+0, 5.04241e+2, 0.00000e+0, 3.15649e+1, 0.00000e+0, 3.41480e+1, 0.00000e+0, 2.74376e+0, 0.00000e+0, 2.42429e+0, 0.00000e+0, 2.00000e+1, 0.00000e+0, 1.50000e+1, 0.00000e+0, 2, -1, Disabled
06/25/2024 13:56:51.410, 06/25/2024 13:56:51.350, 4.11659e+0, 0.00000e+0, 9.84830e+1, 0.00000e+0, 1.68365e+0, 0.00000e+0, 1.54559e+4, 0.00000e+0, 1.76066e+4, 0.00000e+0, 5.12353e+2, 0.00000e+0, 1.71008e+0, 0.00000e+0, 5.20396e+2, 0.00000e+0, 5.04300e+2, 0.00000e+0, 3.15646e+1, 0.00000e+0, 3.41227e+1, 0.00000e+0, 2.74514e+0, 0.00000e+0, 2.42461e+0, 0.00000e+0, 2.00000e+1, 0.00000e+0, 1.50000e+1, 0.00000e+0, 2, -1, Disabled
06/25/2024 13:56:52.401, 06/25/2024 13:56:52.344, 4.11700e+0, 0.00000e+0, 9.84927e+1, 0.00000e+0, 1.68950e+0, 0.00000e+0, 1.52545e+4, 0.00000e+0, 1.75667e+4, 0.00000e+0, 5.12626e+2, 0.00000e+0, 1.71567e+0, 0.00000e+0, 5.20567e+2, 0.00000e+0, 5.04158e+2, 0.00000e+0, 3.15644e+1, 0.00000e+0, 3.41057e+1, 0.00000e+0, 2.74418e+0, 0.00000e+0, 2.42506e+0, 0.00000e+0, 2.00000e+1, 0.00000e+0, 1.50000e+1, 0.00000e+0, 2, -1, Disabled
06/25/2024 13:56:53.395, 06/25/2024 13:56:53.337, 4.11677e+0, 0.00000e+0, 9.84873e+1, 0.00000e+0, 1.69206e+0, 0.00000e+0, 1.56907e+4, 0.00000e+0, 1.75420e+4, 0.00000e+0, 5.13581e+2, 0.00000e+0, 1.71903e+0, 0.00000e+0, 5.21768e+2, 0.00000e+0, 5.04312e+2, 0.00000e+0, 3.15644e+1, 0.00000e+0, 3.41590e+1, 0.00000e+0, 2.74549e+0, 0.00000e+0, 2.42442e+0, 0.00000e+0, 2.00000e+1, 0.00000e+0, 1.50000e+1, 0.00000e+0, 2, -1, Disabled
06/25/2024 13:56:54.388, 06/25/2024 13:56:54.333, 4.11637e+0, 0.00000e+0, 9.84776e+1, 0.00000e+0, 1.69015e+0, 0.00000e+0, 1.57944e+4, 0.00000e+0, 1.74838e+4, 0.00000e+0, 5.11104e+2, 0.00000e+0, 1.71727e+0, 0.00000e+0, 5.19306e+2, 0.00000e+0, 5.04232e+2, 0.00000e+0, 3.15566e+1, 0.00000e+0, 3.41315e+1, 0.00000e+0, 2.74442e+0, 0.00000e+0, 2.42482e+0, 0.00000e+0, 2.00000e+1, 0.00000e+0, 1.50000e+1, 0.00000e+0, 2, -1, Disabled
06/25/2024 13:56:55.415, 06/25/2024 13:56:55.327, 4.11646e+0, 0.00000e+0, 9.84799e+1, 0.00000e+0, 1.68564e+0, 0.00000e+0, 1.57628e+4, 0.00000e+0, 1.78920e+4, 0.00000e+0, 5.10018e+2, 0.00000e+0, 1.71264e+0, 0.00000e+0, 5.18186e+2, 0.00000e+0, 5.04158e+2, 0.00000e+0, 3.15570e+1, 0.00000e+0, 3.41314e+1, 0.00000e+0, 2.74406e+0, 0.00000e+0, 2.42482e+0, 0.00000e+0, 2.00000e+1, 0.00000e+0, 1.50000e+1, 0.00000e+0, 2, -1, Disabled
06/25/2024 13:56:56.397, 06/25/2024 13:56:56.321, 4.11672e+0, 0.00000e+0, 9.84862e+1, 0.00000e+0, 1.68805e+0, 0.00000e+0, 1.55268e+4, 0.00000e+0, 1.77120e+4, 0.00000e+0, 5.11081e+2, 0.00000e+0, 1.71467e+0, 0.00000e+0, 5.19141e+2, 0.00000e+0, 5.04338e+2, 0.00000e+0, 3.15568e+1, 0.00000e+0, 3.41428e+1, 0.00000e+0, 2.74356e+0, 0.00000e+0, 2.42397e+0, 0.00000e+0, 2.00000e+1, 0.00000e+0, 1.50000e+1, 0.00000e+0, 2, -1, Disabled
06/25/2024 13:56:57.399, 06/25/2024 13:56:57.315, 4.11683e+0, 0.00000e+0, 9.84887e+1, 0.00000e+0, 1.68977e+0, 0.00000e+0, 1.60292e+4, 0.00000e+0, 1.76662e+4, 0.00000e+0, 5.11289e+2, 0.00000e+0, 1.71730e+0, 0.00000e+0, 5.19618e+2, 0.00000e+0, 5.04164e+2, 0.00000e+0, 3.15629e+1, 0.00000e+0, 3.41243e+1, 0.00000e+0, 2.74598e+0, 0.00000e+0, 2.42411e+0, 0.00000e+0, 2.00000e+1, 0.00000e+0, 1.50000e+1, 0.00000e+0, 2, -1, Disabled
06/25/2024 13:56:58.367, 06/25/2024 13:56:58.311, 4.11665e+0, 0.00000e+0, 9.84845e+1, 0.00000e+0, 1.69117e+0, 0.00000e+0, 1.57026e+4, 0.00000e+0, 1.74791e+4, 0.00000e+0, 5.10554e+2, 0.00000e+0, 1.71815e+0, 0.00000e+0, 5.18699e+2, 0.00000e+0, 5.04245e+2, 0.00000e+0, 3.15641e+1, 0.00000e+0, 3.41595e+1, 0.00000e+0, 2.74589e+0, 0.00000e+0, 2.42392e+0, 0.00000e+0, 2.00000e+1, 0.00000e+0, 1.50000e+1, 0.00000e+0, 2, -1, Disabled
06/25/2024 13:56:59.388, 06/25/2024 13:56:59.306, 4.11689e+0, 0.00000e+0, 9.84902e+1, 0.00000e+0, 1.69913e+0, 0.00000e+0, 1.58224e+4, 0.00000e+0, 1.78053e+4, 0.00000e+0, 5.14413e+2, 0.00000e+0, 1.72645e+0, 0.00000e+0, 5.22683e+2, 0.00000e+0, 5.04295e+2, 0.00000e+0, 3.15623e+1, 0.00000e+0, 3.41413e+1, 0.00000e+0, 2.74572e+0, 0.00000e+0, 2.42359e+0, 0.00000e+0, 2.00000e+1, 0.00000e+0, 1.50000e+1, 0.00000e+0, 2, -1, Disabled
06/25/2024 13:57:00.356, 06/25/2024 13:57:00.299, 4.11679e+0, 0.00000e+0, 9.84879e+1, 0.00000e+0, 1.70165e+0, 0.00000e+0, 1.53299e+4, 0.00000e+0, 1.75603e+4, 0.00000e+0, 5.12150e+2, 0.00000e+0, 1.72814e+0, 0.00000e+0, 5.20124e+2, 0.00000e+0, 5.04171e+2, 0.00000e+0, 3.15623e+1, 0.00000e+0, 3.41645e+1, 0.00000e+0, 2.74570e+0, 0.00000e+0, 2.42421e+0, 0.00000e+0, 2.00000e+1, 0.00000e+0, 1.50000e+1, 0.00000e+0, 2, -1, Disabled
06/25/2024 13:57:01.348, 06/25/2024 13:57:01.295, 4.11689e+0, 0.00000e+0, 9.84902e+1, 0.00000e+0, 1.69109e+0, 0.00000e+0, 1.58929e+4, 0.00000e+0, 1.78094e+4, 0.00000e+0, 5.08901e+2, 0.00000e+0, 1.71840e+0, 0.00000e+0, 5.17120e+2, 0.00000e+0, 5.04271e+2, 0.00000e+0, 3.15631e+1, 0.00000e+0, 3.41815e+1, 0.00000e+0, 2.74579e+0, 0.00000e+0, 2.42482e+0, 0.00000e+0, 2.00000e+1, 0.00000e+0, 1.50000e+1, 0.00000e+0, 2, -1, Disabled
06/25/2024 13:57:02.385, 06/25/2024 13:57:02.288, 4.11688e+0, 0.00000e+0, 9.84899e+1, 0.00000e+0, 1.68345e+0, 0.00000e+0, 1.57884e+4, 0.00000e+0, 1.79554e+4, 0.00000e+0, 5.09648e+2, 0.00000e+0, 1.71046e+0, 0.00000e+0, 5.17824e+2, 0.00000e+0, 5.04199e+2, 0.00000e+0, 3.15629e+1, 0.00000e+0, 3.41521e+1, 0.00000e+0, 2.74687e+0, 0.00000e+0, 2.42477e+0, 0.00000e+0, 2.00000e+1, 0.00000e+0, 1.50000e+1, 0.00000e+0, 3, -1, Disabled
06/25/2024 13:57:03.349, 06/25/2024 13:57:03.283, 4.11652e+0, 0.00000e+0, 9.84814e+1, 0.00000e+0, 1.69086e+0, 0.00000e+0, 1.58255e+4, 0.00000e+0, 1.79083e+4, 0.00000e+0, 5.09216e+2, 0.00000e+0, 1.71804e+0, 0.00000e+0, 5.17404e+2, 0.00000e+0, 5.04208e+2, 0.00000e+0, 3.15690e+1, 0.00000e+0, 3.42050e+1, 0.00000e+0, 2.74566e+0, 0.00000e+0, 2.42528e+0, 0.00000e+0, 2.00000e+1, 0.00000e+0, 1.50000e+1, 0.00000e+0, 3, -1, Disabled
06/25/2024 13:57:04.403, 06/25/2024 13:57:04.278, 4.11677e+0, 0.00000e+0, 9.84872e+1, 0.00000e+0, 1.69224e+0, 0.00000e+0, 1.58827e+4, 0.00000e+0, 1.77910e+4, 0.00000e+0, 5.09912e+2, 0.00000e+0, 1.71955e+0, 0.00000e+0, 5.18142e+2, 0.00000e+0, 5.04252e+2, 0.00000e+0, 3.15607e+1, 0.00000e+0, 3.41562e+1, 0.00000e+0, 2.74543e+0, 0.00000e+0, 2.42524e+0, 0.00000e+0, 2.00000e+1, 0.00000e+0, 1.50000e+1, 0.00000e+0, 3, -1, Disabled
06/25/2024 13:57:05.398, 06/25/2024 13:57:05.272, 4.11653e+0, 0.00000e+0, 9.84816e+1, 0.00000e+0, 1.69610e+0, 0.00000e+0, 1.59229e+4, 0.00000e+0, 1.78553e+4, 0.00000e+0, 5.08222e+2, 0.00000e+0, 1.72354e+0, 0.00000e+0, 5.16446e+2, 0.00000e+0, 5.04136e+2, 0.00000e+0, 3.15588e+1, 0.00000e+0, 3.41641e+1, 0.00000e+0, 2.74369e+0, 0.00000e+0, 2.42640e+0, 0.00000e+0, 2.00000e+1, 0.00000e+0, 1.50000e+1, 0.00000e+0, 3, -1, Disabled
06/25/2024 13:57:06.320, 06/25/2024 13:57:06.267, 4.11673e+0, 0.00000e+0, 9.84864e+1, 0.00000e+0, 1.69161e+0, 0.00000e+0, 1.58289e+4, 0.00000e+0, 1.77951e+4, 0.00000e+0, 5.10126e+2, 0.00000e+0, 1.71882e+0, 0.00000e+0, 5.18331e+2, 0.00000e+0, 5.04277e+2, 0.00000e+0, 3.15593e+1, 0.00000e+0, 3.41827e+1, 0.00000e+0, 2.74534e+0, 0.00000e+0, 2.42554e+0, 0.00000e+0, 2.00000e+1, 0.00000e+0, 1.50000e+1, 0.00000e+0, 3, -1, Disabled
06/25/2024 13:57:07.356, 06/25/2024 13:57:07.261, 4.11697e+0, 0.00000e+0, 9.84922e+1, 0.00000e+0, 1.69990e+0, 0.00000e+0, 1.58931e+4, 0.00000e+0, 1.81710e+4, 0.00000e+0, 5.11472e+2, 0.00000e+0, 1.72735e+0, 0.00000e+0, 5.19732e+2, 0.00000e+0, 5.04192e+2, 0.00000e+0, 3.15579e+1, 0.00000e+0, 3.41696e+1, 0.00000e+0, 2.74414e+0, 0.00000e+0, 2.42451e+0, 0.00000e+0, 2.00000e+1, 0.00000e+0, 1.50000e+1, 0.00000e+0, 3, -1, Disabled
06/25/2024 13:57:08.325, 06/25/2024 13:57:08.255, 4.11608e+0, 0.00000e+0, 9.84708e+1, 0.00000e+0, 1.69517e+0, 0.00000e+0, 1.56329e+4, 0.00000e+0, 1.79562e+4, 0.00000e+0, 5.10815e+2, 0.00000e+0, 1.72209e+0, 0.00000e+0, 5.18927e+2, 0.00000e+0, 5.04219e+2, 0.00000e+0, 3.15573e+1, 0.00000e+0, 3.42066e+1, 0.00000e+0, 2.74444e+0, 0.00000e+0, 2.42468e+0, 0.00000e+0, 2.00000e+1, 0.00000e+0, 1.50000e+1, 0.00000e+0, 3, -1, Disabled
06/25/2024 13:57:09.328, 06/25/2024 13:57:09.251, 4.11632e+0, 0.00000e+0, 9.84765e+1, 0.00000e+0, 1.68572e+0, 0.00000e+0, 1.53909e+4, 0.00000e+0, 1.75853e+4, 0.00000e+0, 5.13242e+2, 0.00000e+0, 1.71207e+0, 0.00000e+0, 5.21264e+2, 0.00000e+0, 5.04249e+2, 0.00000e+0, 3.15567e+1, 0.00000e+0, 3.41733e+1, 0.00000e+0, 2.74582e+0, 0.00000e+0, 2.42466e+0, 0.00000e+0, 2.00000e+1, 0.00000e+0, 1.50000e+1, 0.00000e+0, 3, -1, Disabled
06/25/2024 13:57:10.305, 06/25/2024 13:57:10.244, 4.11663e+0, 0.00000e+0, 9.84840e+1, 0.00000e+0, 1.68939e+0, 0.00000e+0, 1.57516e+4, 0.00000e+0, 1.77788e+4, 0.00000e+0, 5.12529e+2, 0.00000e+0, 1.71643e+0, 0.00000e+0, 5.20732e+2, 0.00000e+0, 5.04156e+2, 0.00000e+0, 3.15557e+1, 0.00000e+0, 3.41648e+1, 0.00000e+0, 2.74558e+0, 0.00000e+0, 2.42542e+0, 0.00000e+0, 2.00000e+1, 0.00000e+0, 1.50000e+1, 0.00000e+0, 3, -1, Disabled
06/25/2024 13:57:11.292, 06/25/2024 13:57:11.239, 4.11651e+0, 0.00000e+0, 9.84812e+1, 0.00000e+0, 1.69528e+0, 0.00000e+0, 1.55208e+4, 0.00000e+0, 1.76233e+4, 0.00000e+0, 5.11804e+2, 0.00000e+0, 1.72200e+0, 0.00000e+0, 5.19873e+2, 0.00000e+0, 5.04307e+2, 0.00000e+0, 3.15548e+1, 0.00000e+0, 3.42063e+1, 0.00000e+0, 2.74363e+0, 0.00000e+0, 2.42512e+0, 0.00000e+0, 2.00000e+1, 0.00000e+0, 1.50000e+1, 0.00000e+0, 3, -1, Disabled
06/25/2024 13:57:12.290, 06/25/2024 13:57:12.234, 4.11703e+0, 0.00000e+0, 9.84936e+1, 0.00000e+0, 1.68560e+0, 0.00000e+0, 1.55833e+4, 0.00000e+0, 1.76044e+4, 0.00000e+0, 5.12660e+2, 0.00000e+0, 1.71229e+0, 0.00000e+0, 5.20776e+2, 0.00000e+0, 5.04223e+2, 0.00000e+0, 3.15507e+1, 0.00000e+0, 3.41901e+1, 0.00000e+0, 2.74366e+0, 0.00000e+0, 2.42436e+0, 0.00000e+0, 2.00000e+1, 0.00000e+0, 1.50000e+1, 0.00000e+0, 3, -1, Disabled
06/25/2024 13:57:13.312, 06/25/2024 13:57:13.236, 4.11659e+0, 0.00000e+0, 9.84831e+1, 0.00000e+0, 1.69641e+0, 0.00000e+0, 1.55944e+4, 0.00000e+0, 1.72772e+4, 0.00000e+0, 5.10692e+2, 0.00000e+0, 1.72329e+0, 0.00000e+0, 5.18782e+2, 0.00000e+0, 5.04163e+2, 0.00000e+0, 3.15498e+1, 0.00000e+0, 3.42102e+1, 0.00000e+0, 2.74432e+0, 0.00000e+0, 2.42397e+0, 0.00000e+0, 2.00000e+1, 0.00000e+0, 1.50000e+1, 0.00000e+0, 3, -1, Disabled
06/25/2024 13:57:14.307, 06/25/2024 13:57:14.230, 4.11682e+0, 0.00000e+0, 9.84885e+1, 0.00000e+0, 1.69554e+0, 0.00000e+0, 1.55925e+4, 0.00000e+0, 1.72898e+4, 0.00000e+0, 5.10698e+2, 0.00000e+0, 1.72240e+0, 0.00000e+0, 5.18787e+2, 0.00000e+0, 5.04284e+2, 0.00000e+0, 3.15489e+1, 0.00000e+0, 3.42119e+1, 0.00000e+0, 2.74444e+0, 0.00000e+0, 2.42307e+0, 0.00000e+0, 2.00000e+1, 0.00000e+0, 1.50000e+1, 0.00000e+0, 3, -1, Disabled
06/25/2024 13:57:15.277, 06/25/2024 13:57:15.225, 4.11641e+0, 0.00000e+0, 9.84787e+1, 0.00000e+0, 1.69529e+0, 0.00000e+0, 1.54860e+4, 0.00000e+0, 1.73084e+4, 0.00000e+0, 5.12097e+2, 0.00000e+0, 1.72196e+0, 0.00000e+0, 5.20152e+2, 0.00000e+0, 5.04150e+2, 0.00000e+0, 3.15497e+1, 0.00000e+0, 3.41986e+1, 0.00000e+0, 2.74506e+0, 0.00000e+0, 2.42399e+0, 0.00000e+0, 2.00000e+1, 0.00000e+0, 1.50000e+1, 0.00000e+0, 3, -1, Disabled
06/25/2024 13:57:16.295, 06/25/2024 13:57:16.219, 4.11657e+0, 0.00000e+0, 9.84826e+1, 0.00000e+0, 1.70026e+0, 0.00000e+0, 1.62295e+4, 0.00000e+0, 1.77283e+4, 0.00000e+0, 5.09113e+2, 0.00000e+0, 1.72831e+0, 0.00000e+0, 5.17512e+2, 0.00000e+0, 5.04253e+2, 0.00000e+0, 3.15504e+1, 0.00000e+0, 3.42335e+1, 0.00000e+0, 2.74439e+0, 0.00000e+0, 2.42403e+0, 0.00000e+0, 2.00000e+1, 0.00000e+0, 1.50000e+1, 0.00000e+0, 3, -1, Disabled
06/25/2024 13:57:17.270, 06/25/2024 13:57:17.212, 4.11677e+0, 0.00000e+0, 9.84873e+1, 0.00000e+0, 1.69587e+0, 0.00000e+0, 1.63024e+4, 0.00000e+0, 1.78949e+4, 0.00000e+0, 5.14494e+2, 0.00000e+0, 1.72398e+0, 0.00000e+0, 5.23020e+2, 0.00000e+0, 5.04228e+2, 0.00000e+0, 3.15486e+1, 0.00000e+0, 3.42023e+1, 0.00000e+0, 2.74460e+0, 0.00000e+0, 2.42309e+0, 0.00000e+0, 2.00000e+1, 0.00000e+0, 1.50000e+1, 0.00000e+0, 3, -1, Disabled
06/25/2024 13:57:18.262, 06/25/2024 13:57:18.208, 4.11644e+0, 0.00000e+0, 9.84795e+1, 0.00000e+0, 1.69189e+0, 0.00000e+0, 1.54321e+4, 0.00000e+0, 1.76178e+4, 0.00000e+0, 5.10914e+2, 0.00000e+0, 1.71841e+0, 0.00000e+0, 5.18922e+2, 0.00000e+0, 5.04167e+2, 0.00000e+0, 3.15484e+1, 0.00000e+0, 3.42467e+1, 0.00000e+0, 2.74513e+0, 0.00000e+0, 2.42483e+0, 0.00000e+0, 2.00000e+1, 0.00000e+0, 1.50000e+1, 0.00000e+0, 3, -1, Disabled
06/25/2024 13:57:19.255, 06/25/2024 13:57:19.202, 4.11667e+0, 0.00000e+0, 9.84848e+1, 0.00000e+0, 1.69554e+0, 0.00000e+0, 1.66941e+4, 0.00000e+0, 1.76513e+4, 0.00000e+0, 5.11363e+2, 0.00000e+0, 1.72432e+0, 0.00000e+0, 5.20044e+2, 0.00000e+0, 5.04248e+2, 0.00000e+0, 3.15476e+1, 0.00000e+0, 3.42195e+1, 0.00000e+0, 2.74413e+0, 0.00000e+0, 2.42231e+0, 0.00000e+0, 2.00000e+1, 0.00000e+0, 1.50000e+1, 0.00000e+0, 3, -1, Disabled
06/25/2024 13:57:20.252, 06/25/2024 13:57:20.197, 4.11679e+0, 0.00000e+0, 9.84879e+1, 0.00000e+0, 1.69277e+0, 0.00000e+0, 1.58640e+4, 0.00000e+0, 1.75848e+4, 0.00000e+0, 5.13204e+2, 0.00000e+0, 1.72006e+0, 0.00000e+0, 5.21477e+2, 0.00000e+0, 5.04116e+2, 0.00000e+0, 3.15474e+1, 0.00000e+0, 3.42209e+1, 0.00000e+0, 2.74450e+0, 0.00000e+0, 2.42308e+0, 0.00000e+0, 2.00000e+1, 0.00000e+0, 1.50000e+1, 0.00000e+0, 3, -1, Disabled
06/25/2024 13:57:21.251, 06/25/2024 13:57:21.191, 4.11654e+0, 0.00000e+0, 9.84819e+1, 0.00000e+0, 1.69929e+0, 0.00000e+0, 1.60295e+4, 0.00000e+0, 1.82283e+4, 0.00000e+0, 5.12128e+2, 0.00000e+0, 1.72697e+0, 0.00000e+0, 5.20471e+2, 0.00000e+0, 5.04244e+2, 0.00000e+0, 3.15485e+1, 0.00000e+0, 3.42627e+1, 0.00000e+0, 2.74343e+0, 0.00000e+0, 2.42254e+0, 0.00000e+0, 2.00000e+1, 0.00000e+0, 1.50000e+1, 0.00000e+0, 3, -1, Disabled
06/25/2024 13:57:22.242, 06/25/2024 13:57:22.186, 4.11684e+0, 0.00000e+0, 9.84889e+1, 0.00000e+0, 1.69570e+0, 0.00000e+0, 1.65468e+4, 0.00000e+0, 1.77149e+4, 0.00000e+0, 5.12408e+2, 0.00000e+0, 1.72423e+0, 0.00000e+0, 5.21029e+2, 0.00000e+0, 5.04162e+2, 0.00000e+0, 3.15475e+1, 0.00000e+0, 3.42315e+1, 0.00000e+0, 2.74323e+0, 0.00000e+0, 2.42339e+0, 0.00000e+0, 2.00000e+1, 0.00000e+0, 1.50000e+1, 0.00000e+0, 3, -1, Disabled
06/25/2024 13:57:23.243, 06/25/2024 13:57:23.180, 4.11662e+0, 0.00000e+0, 9.84837e+1, 0.00000e+0, 1.69985e+0, 0.00000e+0, 1.59578e+4, 0.00000e+0, 1.78153e+4, 0.00000e+0, 5.12578e+2, 0.00000e+0, 1.72742e+0, 0.00000e+0, 5.20890e+2, 0.00000e+0, 5.04254e+2, 0.00000e+0, 3.15487e+1, 0.00000e+0, 3.42841e+1, 0.00000e+0, 2.74306e+0, 0.00000e+0, 2.42268e+0, 0.00000e+0, 2.00000e+1, 0.00000e+0, 1.50000e+1, 0.00000e+0, 3, -1, Disabled
06/25/2024 13:57:24.238, 06/25/2024 13:57:24.175, 4.11685e+0, 0.00000e+0, 9.84892e+1, 0.00000e+0, 1.69248e+0, 0.00000e+0, 1.66233e+4, 0.00000e+0, 1.82682e+4, 0.00000e+0, 5.15424e+2, 0.00000e+0, 1.72109e+0, 0.00000e+0, 5.24137e+2, 0.00000e+0, 5.04214e+2, 0.00000e+0, 3.15482e+1, 0.00000e+0, 3.42463e+1, 0.00000e+0, 2.74170e+0, 0.00000e+0, 2.42310e+0, 0.00000e+0, 2.00000e+1, 0.00000e+0, 1.50000e+1, 0.00000e+0, 3, -1, Disabled
06/25/2024 13:57:25.242, 06/25/2024 13:57:25.170, 4.11635e+0, 0.00000e+0, 9.84773e+1, 0.00000e+0, 1.70139e+0, 0.00000e+0, 1.57338e+4, 0.00000e+0, 1.75520e+4, 0.00000e+0, 5.13411e+2, 0.00000e+0, 1.72859e+0, 0.00000e+0, 5.21618e+2, 0.00000e+0, 5.04071e+2, 0.00000e+0, 3.15490e+1, 0.00000e+0, 3.42487e+1, 0.00000e+0, 2.74342e+0, 0.00000e+0, 2.42323e+0, 0.00000e+0, 2.00000e+1, 0.00000e+0, 1.50000e+1, 0.00000e+0, 3, -1, Disabled
06/25/2024 13:57:26.217, 06/25/2024 13:57:26.164, 4.11673e+0, 0.00000e+0, 9.84864e+1, 0.00000e+0, 1.69859e+0, 0.00000e+0, 1.57644e+4, 0.00000e+0, 1.72075e+4, 0.00000e+0, 5.12504e+2, 0.00000e+0, 1.72580e+0, 0.00000e+0, 5.20712e+2, 0.00000e+0, 5.04272e+2, 0.00000e+0, 3.15500e+1, 0.00000e+0, 3.42691e+1, 0.00000e+0, 2.74375e+0, 0.00000e+0, 2.42225e+0, 0.00000e+0, 2.00000e+1, 0.00000e+0, 1.50000e+1, 0.00000e+0, 3, -1, Disabled
06/25/2024 13:57:27.214, 06/25/2024 13:57:27.159, 4.11690e+0, 0.00000e+0, 9.84905e+1, 0.00000e+0, 1.69904e+0, 0.00000e+0, 1.63481e+4, 0.00000e+0, 1.80675e+4, 0.00000e+0, 5.10677e+2, 0.00000e+0, 1.72728e+0, 0.00000e+0, 5.19164e+2, 0.00000e+0, 5.04149e+2, 0.00000e+0, 3.15501e+1, 0.00000e+0, 3.42604e+1, 0.00000e+0, 2.74370e+0, 0.00000e+0, 2.42324e+0, 0.00000e+0, 2.00000e+1, 0.00000e+0, 1.50000e+1, 0.00000e+0, 3, -1, Disabled
06/25/2024 13:57:28.211, 06/25/2024 13:57:28.153, 4.11635e+0, 0.00000e+0, 9.84773e+1, 0.00000e+0, 1.69693e+0, 0.00000e+0, 1.57715e+4, 0.00000e+0, 1.78961e+4, 0.00000e+0, 5.12263e+2, 0.00000e+0, 1.72413e+0, 0.00000e+0, 5.20472e+2, 0.00000e+0, 5.04192e+2, 0.00000e+0, 3.15512e+1, 0.00000e+0, 3.43160e+1, 0.00000e+0, 2.74328e+0, 0.00000e+0, 2.42182e+0, 0.00000e+0, 2.00000e+1, 0.00000e+0, 1.50000e+1, 0.00000e+0, 3, -1, Disabled
06/25/2024 13:57:29.224, 06/25/2024 13:57:29.147, 4.11656e+0, 0.00000e+0, 9.84824e+1, 0.00000e+0, 1.70435e+0, 0.00000e+0, 1.61905e+4, 0.00000e+0, 1.78686e+4, 0.00000e+0, 5.14394e+2, 0.00000e+0, 1.73240e+0, 0.00000e+0, 5.22859e+2, 0.00000e+0, 5.04159e+2, 0.00000e+0, 3.15506e+1, 0.00000e+0, 3.42720e+1, 0.00000e+0, 2.74380e+0, 0.00000e+0, 2.42321e+0, 0.00000e+0, 2.00000e+1, 0.00000e+0, 1.50000e+1, 0.00000e+0, 3, -1, Disabled
06/25/2024 13:57:30.195, 06/25/2024 13:57:30.143, 4.11649e+0, 0.00000e+0, 9.84807e+1, 0.00000e+0, 1.69844e+0, 0.00000e+0, 1.63212e+4, 0.00000e+0, 1.80894e+4, 0.00000e+0, 5.07655e+2, 0.00000e+0, 1.72662e+0, 0.00000e+0, 5.16078e+2, 0.00000e+0, 5.04161e+2, 0.00000e+0, 3.15521e+1, 0.00000e+0, 3.42902e+1, 0.00000e+0, 2.74254e+0, 0.00000e+0, 2.42180e+0, 0.00000e+0, 2.00000e+1, 0.00000e+0, 1.50000e+1, 0.00000e+0, 3, -1, Disabled
06/25/2024 13:57:31.199, 06/25/2024 13:57:31.137, 4.11678e+0, 0.00000e+0, 9.84876e+1, 0.00000e+0, 1.70116e+0, 0.00000e+0, 1.63483e+4, 0.00000e+0, 1.79711e+4, 0.00000e+0, 5.12631e+2, 0.00000e+0, 1.72944e+0, 0.00000e+0, 5.21151e+2, 0.00000e+0, 5.04267e+2, 0.00000e+0, 3.15522e+1, 0.00000e+0, 3.43004e+1, 0.00000e+0, 2.74288e+0, 0.00000e+0, 2.42012e+0, 0.00000e+0, 2.00000e+1, 0.00000e+0, 1.50000e+1, 0.00000e+0, 3, -1, Disabled
06/25/2024 13:57:32.206, 06/25/2024 13:57:32.131, 4.11688e+0, 0.00000e+0, 9.84899e+1, 0.00000e+0, 1.70282e+0, 0.00000e+0, 1.60145e+4, 0.00000e+0, 1.78795e+4, 0.00000e+0, 5.12241e+2, 0.00000e+0, 1.73054e+0, 0.00000e+0, 5.20578e+2, 0.00000e+0, 5.04092e+2, 0.00000e+0, 3.15530e+1, 0.00000e+0, 3.42801e+1, 0.00000e+0, 2.74290e+0, 0.00000e+0, 2.42227e+0, 0.00000e+0, 2.00000e+1, 0.00000e+0, 1.50000e+1, 0.00000e+0, 3, -1, Disabled
06/25/2024 13:57:33.178, 06/25/2024 13:57:33.126, 4.11662e+0, 0.00000e+0, 9.84838e+1, 0.00000e+0, 1.70038e+0, 0.00000e+0, 1.61982e+4, 0.00000e+0, 1.77554e+4, 0.00000e+0, 5.13225e+2, 0.00000e+0, 1.72837e+0, 0.00000e+0, 5.21676e+2, 0.00000e+0, 5.04232e+2, 0.00000e+0, 3.15547e+1, 0.00000e+0, 3.43169e+1, 0.00000e+0, 2.74242e+0, 0.00000e+0, 2.42178e+0, 0.00000e+0, 2.00000e+1, 0.00000e+0, 1.50000e+1, 0.00000e+0, 3, -1, Disabled
06/25/2024 13:57:34.177, 06/25/2024 13:57:34.121, 4.11683e+0, 0.00000e+0, 9.84888e+1, 0.00000e+0, 1.70369e+0, 0.00000e+0, 1.62834e+4, 0.00000e+0, 1.78923e+4, 0.00000e+0, 5.12827e+2, 0.00000e+0, 1.73189e+0, 0.00000e+0, 5.21316e+2, 0.00000e+0, 5.04156e+2, 0.00000e+0, 3.15560e+1, 0.00000e+0, 3.42997e+1, 0.00000e+0, 2.74324e+0, 0.00000e+0, 2.42152e+0, 0.00000e+0, 2.00000e+1, 0.00000e+0, 1.50000e+1, 0.00000e+0, 3, -1, Disabled
06/25/2024 13:57:35.185, 06/25/2024 13:57:35.115, 4.11582e+0, 0.00000e+0, 9.84646e+1, 0.00000e+0, 1.70583e+0, 0.00000e+0, 1.58709e+4, 0.00000e+0, 1.78852e+4, 0.00000e+0, 5.09701e+2, 0.00000e+0, 1.73334e+0, 0.00000e+0, 5.17921e+2, 0.00000e+0, 5.04128e+2, 0.00000e+0, 3.15562e+1, 0.00000e+0, 3.43104e+1, 0.00000e+0, 2.74444e+0, 0.00000e+0, 2.42222e+0, 0.00000e+0, 2.00000e+1, 0.00000e+0, 1.50000e+1, 0.00000e+0, 3, -1, Disabled
06/25/2024 13:57:36.186, 06/25/2024 13:57:36.110, 4.11666e+0, 0.00000e+0, 9.84846e+1, 0.00000e+0, 1.70045e+0, 0.00000e+0, 1.63709e+4, 0.00000e+0, 1.79764e+4, 0.00000e+0, 5.13578e+2, 0.00000e+0, 1.72875e+0, 0.00000e+0, 5.22126e+2, 0.00000e+0, 5.04229e+2, 0.00000e+0, 3.15570e+1, 0.00000e+0, 3.42967e+1, 0.00000e+0, 2.74446e+0, 0.00000e+0, 2.42247e+0, 0.00000e+0, 2.00000e+1, 0.00000e+0, 1.50000e+1, 0.00000e+0, 3, -1, Disabled
06/25/2024 13:57:37.162, 06/25/2024 13:57:37.103, 4.11667e+0, 0.00000e+0, 9.84849e+1, 0.00000e+0, 1.69119e+0, 0.00000e+0, 1.62118e+4, 0.00000e+0, 1.79860e+4, 0.00000e+0, 5.11052e+2, 0.00000e+0, 1.71906e+0, 0.00000e+0, 5.19473e+2, 0.00000e+0, 5.04106e+2, 0.00000e+0, 3.15591e+1, 0.00000e+0, 3.43342e+1, 0.00000e+0, 2.74426e+0, 0.00000e+0, 2.42183e+0, 0.00000e+0, 2.00000e+1, 0.00000e+0, 1.50000e+1, 0.00000e+0, 3, -1, Disabled
06/25/2024 13:57:38.179, 06/25/2024 13:57:38.098, 4.11688e+0, 0.00000e+0, 9.84899e+1, 0.00000e+0, 1.70056e+0, 0.00000e+0, 1.59832e+4, 0.00000e+0, 1.80990e+4, 0.00000e+0, 5.12533e+2, 0.00000e+0, 1.72818e+0, 0.00000e+0, 5.20858e+2, 0.00000e+0, 5.04240e+2, 0.00000e+0, 3.15603e+1, 0.00000e+0, 3.43198e+1, 0.00000e+0, 2.74369e+0, 0.00000e+0, 2.42172e+0, 0.00000e+0, 2.00000e+1, 0.00000e+0, 1.50000e+1, 0.00000e+0, 3, -1, Disabled
06/25/2024 13:57:39.150, 06/25/2024 13:57:39.093, 4.11670e+0, 0.00000e+0, 9.84857e+1, 0.00000e+0, 1.70191e+0, 0.00000e+0, 1.61657e+4, 0.00000e+0, 1.80921e+4, 0.00000e+0, 5.12355e+2, 0.00000e+0, 1.72987e+0, 0.00000e+0, 5.20774e+2, 0.00000e+0, 5.04107e+2, 0.00000e+0, 3.15597e+1, 0.00000e+0, 3.43121e+1, 0.00000e+0, 2.74342e+0, 0.00000e+0, 2.42249e+0, 0.00000e+0, 2.00000e+1, 0.00000e+0, 1.50000e+1, 0.00000e+0, 3, -1, Disabled
06/25/2024 13:57:40.141, 06/25/2024 13:57:40.088, 4.11668e+0, 0.00000e+0, 9.84851e+1, 0.00000e+0, 1.70490e+0, 0.00000e+0, 1.62013e+4, 0.00000e+0, 1.81543e+4, 0.00000e+0, 5.13502e+2, 0.00000e+0, 1.73298e+0, 0.00000e+0, 5.21958e+2, 0.00000e+0, 5.04237e+2, 0.00000e+0, 3.15624e+1, 0.00000e+0, 3.43591e+1, 0.00000e+0, 2.74473e+0, 0.00000e+0, 2.42185e+0, 0.00000e+0, 2.00000e+1, 0.00000e+0, 1.50000e+1, 0.00000e+0, 3, -1, Disabled
06/25/2024 13:57:41.139, 06/25/2024 13:57:41.083, 4.11679e+0, 0.00000e+0, 9.84878e+1, 0.00000e+0, 1.69061e+0, 0.00000e+0, 1.60033e+4, 0.00000e+0, 1.80623e+4, 0.00000e+0, 5.15252e+2, 0.00000e+0, 1.71811e+0, 0.00000e+0, 5.23632e+2, 0.00000e+0, 5.04179e+2, 0.00000e+0, 3.15620e+1, 0.00000e+0, 3.43141e+1, 0.00000e+0, 2.74588e+0, 0.00000e+0, 2.42180e+0, 0.00000e+0, 2.00000e+1, 0.00000e+0, 7.00000e+0, 0.00000e+0, 3, -1, Disabled
06/25/2024 13:57:42.204, 06/25/2024 13:57:42.077, 4.11564e+0, 0.00000e+0, 9.84603e+1, 0.00000e+0, 1.69857e+0, 0.00000e+0, 1.60625e+4, 0.00000e+0, 1.80770e+4, 0.00000e+0, 5.17985e+2, 0.00000e+0, 1.72630e+0, 0.00000e+0, 5.26441e+2, 0.00000e+0, 5.04079e+2, 0.00000e+0, 3.15607e+1, 0.00000e+0, 3.43400e+1, 0.00000e+0, 2.74457e+0, 0.00000e+0, 2.42167e+0, 0.00000e+0, 2.00000e+1, 0.00000e+0, 7.00000e+0, 0.00000e+0, 3, -1, Disabled
06/25/2024 13:57:43.130, 06/25/2024 13:57:43.072, 4.11409e+0, 0.00000e+0, 9.84231e+1, 0.00000e+0, 1.69446e+0, 0.00000e+0, 1.56647e+4, 0.00000e+0, 1.75410e+4, 0.00000e+0, 5.16035e+2, 0.00000e+0, 1.72142e+0, 0.00000e+0, 5.24247e+2, 0.00000e+0, 5.04106e+2, 0.00000e+0, 3.15574e+1, 0.00000e+0, 3.43067e+1, 0.00000e+0, 2.74437e+0, 0.00000e+0, 2.42195e+0, 0.00000e+0, 2.00000e+1, 0.00000e+0, 7.00000e+0, 0.00000e+0, 3, -1, Disabled
06/25/2024 13:57:44.175, 06/25/2024 13:57:44.065, 4.11331e+0, 0.00000e+0, 9.84045e+1, 0.00000e+0, 1.69851e+0, 0.00000e+0, 1.57783e+4, 0.00000e+0, 1.78880e+4, 0.00000e+0, 5.14745e+2, 0.00000e+0, 1.72574e+0, 0.00000e+0, 5.22997e+2, 0.00000e+0, 5.03871e+2, 0.00000e+0, 3.15565e+1, 0.00000e+0, 3.42964e+1, 0.00000e+0, 2.74524e+0, 0.00000e+0, 2.42119e+0, 0.00000e+0, 2.00000e+1, 0.00000e+0, 7.00000e+0, 0.00000e+0, 3, -1, Disabled
06/25/2024 13:57:45.142, 06/25/2024 13:57:45.060, 4.11453e+0, 0.00000e+0, 9.84337e+1, 0.00000e+0, 1.69485e+0, 0.00000e+0, 1.59615e+4, 0.00000e+0, 1.79864e+4, 0.00000e+0, 5.21988e+2, 0.00000e+0, 1.72234e+0, 0.00000e+0, 5.30455e+2, 0.00000e+0, 5.04142e+2, 0.00000e+0, 3.15600e+1, 0.00000e+0, 3.43317e+1, 0.00000e+0, 2.74379e+0, 0.00000e+0, 2.42253e+0, 0.00000e+0, 2.00000e+1, 0.00000e+0, 7.00000e+0, 0.00000e+0, 3, -1, Disabled
06/25/2024 13:57:46.133, 06/25/2024 13:57:46.055, 4.11475e+0, 0.00000e+0, 9.84389e+1, 0.00000e+0, 1.70147e+0, 0.00000e+0, 1.64921e+4, 0.00000e+0, 1.81831e+4, 0.00000e+0, 5.17601e+2, 0.00000e+0, 1.73001e+0, 0.00000e+0, 5.26280e+2, 0.00000e+0, 5.04033e+2, 0.00000e+0, 3.15591e+1, 0.00000e+0, 3.43126e+1, 0.00000e+0, 2.74365e+0, 0.00000e+0, 2.42262e+0, 0.00000e+0, 2.00000e+1, 0.00000e+0, 7.00000e+0, 0.00000e+0, 3, -1, Disabled
06/25/2024 13:57:47.127, 06/25/2024 13:57:47.050, 4.11410e+0, 0.00000e+0, 9.84235e+1, 0.00000e+0, 1.70177e+0, 0.00000e+0, 1.64084e+4, 0.00000e+0, 1.78478e+4, 0.00000e+0, 5.15899e+2, 0.00000e+0, 1.73016e+0, 0.00000e+0, 5.24505e+2, 0.00000e+0, 5.04111e+2, 0.00000e+0, 3.15594e+1, 0.00000e+0, 3.43606e+1, 0.00000e+0, 2.74469e+0, 0.00000e+0, 2.42251e+0, 0.00000e+0, 2.00000e+1, 0.00000e+0, 7.00000e+0, 0.00000e+0, 3, -1, Disabled
06/25/2024 13:57:48.110, 06/25/2024 13:57:48.044, 4.11495e+0, 0.00000e+0, 9.84437e+1, 0.00000e+0, 1.70802e+0, 0.00000e+0, 1.57452e+4, 0.00000e+0, 1.76571e+4, 0.00000e+0, 5.23847e+2, 0.00000e+0, 1.73534e+0, 0.00000e+0, 5.32227e+2, 0.00000e+0, 5.04091e+2, 0.00000e+0, 3.15608e+1, 0.00000e+0, 3.43286e+1, 0.00000e+0, 2.74373e+0, 0.00000e+0, 2.42230e+0, 0.00000e+0, 2.00000e+1, 0.00000e+0, 7.00000e+0, 0.00000e+0, 3, -1, Disabled
06/25/2024 13:57:49.161, 06/25/2024 13:57:49.038, 4.11482e+0, 0.00000e+0, 9.84407e+1, 0.00000e+0, 1.70352e+0, 0.00000e+0, 1.63488e+4, 0.00000e+0, 1.78631e+4, 0.00000e+0, 5.19422e+2, 0.00000e+0, 1.73184e+0, 0.00000e+0, 5.28055e+2, 0.00000e+0, 5.03990e+2, 0.00000e+0, 3.15592e+1, 0.00000e+0, 3.43480e+1, 0.00000e+0, 2.74411e+0, 0.00000e+0, 2.42233e+0, 0.00000e+0, 2.00000e+1, 0.00000e+0, 7.00000e+0, 0.00000e+0, 3, -1, Disabled
06/25/2024 13:57:50.145, 06/25/2024 13:57:50.033, 4.11446e+0, 0.00000e+0, 9.84320e+1, 0.00000e+0, 1.70117e+0, 0.00000e+0, 1.59224e+4, 0.00000e+0, 1.81608e+4, 0.00000e+0, 5.23139e+2, 0.00000e+0, 1.72869e+0, 0.00000e+0, 5.31604e+2, 0.00000e+0, 5.04161e+2, 0.00000e+0, 3.15646e+1, 0.00000e+0, 3.43375e+1, 0.00000e+0, 2.74310e+0, 0.00000e+0, 2.42279e+0, 0.00000e+0, 2.00000e+1, 0.00000e+0, 7.00000e+0, 0.00000e+0, 3, -1, Disabled
06/25/2024 13:57:51.084, 06/25/2024 13:57:51.027, 4.11486e+0, 0.00000e+0, 9.84416e+1, 0.00000e+0, 1.69166e+0, 0.00000e+0, 1.59874e+4, 0.00000e+0, 1.80800e+4, 0.00000e+0, 5.22119e+2, 0.00000e+0, 1.71914e+0, 0.00000e+0, 5.30602e+2, 0.00000e+0, 5.03996e+2, 0.00000e+0, 3.15602e+1, 0.00000e+0, 3.43431e+1, 0.00000e+0, 2.74291e+0, 0.00000e+0, 2.42249e+0, 0.00000e+0, 2.00000e+1, 0.00000e+0, 7.00000e+0, 0.00000e+0, 3, -1, Disabled
06/25/2024 13:57:52.097, 06/25/2024 13:57:52.023, 4.11456e+0, 0.00000e+0, 9.84344e+1, 0.00000e+0, 1.70178e+0, 0.00000e+0, 1.58402e+4, 0.00000e+0, 1.80253e+4, 0.00000e+0, 5.22979e+2, 0.00000e+0, 1.72917e+0, 0.00000e+0, 5.31396e+2, 0.00000e+0, 5.04118e+2, 0.00000e+0, 3.15607e+1, 0.00000e+0, 3.43711e+1, 0.00000e+0, 2.74355e+0, 0.00000e+0, 2.42233e+0, 0.00000e+0, 2.00000e+1, 0.00000e+0, 7.00000e+0, 0.00000e+0, 3, -1, Disabled
06/25/2024 13:57:53.076, 06/25/2024 13:57:53.017, 4.11515e+0, 0.00000e+0, 9.84486e+1, 0.00000e+0, 1.70431e+0, 0.00000e+0, 1.61184e+4, 0.00000e+0, 1.82675e+4, 0.00000e+0, 5.21769e+2, 0.00000e+0, 1.73223e+0, 0.00000e+0, 5.30317e+2, 0.00000e+0, 5.04047e+2, 0.00000e+0, 3.15591e+1, 0.00000e+0, 3.43413e+1, 0.00000e+0, 2.74379e+0, 0.00000e+0, 2.42294e+0, 0.00000e+0, 2.00000e+1, 0.00000e+0, 7.00000e+0, 0.00000e+0, 3, -1, Disabled
06/25/2024 13:57:54.090, 06/25/2024 13:57:54.011, 4.11462e+0, 0.00000e+0, 9.84358e+1, 0.00000e+0, 1.69602e+0, 0.00000e+0, 1.57695e+4, 0.00000e+0, 1.78093e+4, 0.00000e+0, 5.25733e+2, 0.00000e+0, 1.72319e+0, 0.00000e+0, 5.34156e+2, 0.00000e+0, 5.04109e+2, 0.00000e+0, 3.15640e+1, 0.00000e+0, 3.44060e+1, 0.00000e+0, 2.74251e+0, 0.00000e+0, 2.42307e+0, 0.00000e+0, 2.00000e+1, 0.00000e+0, 7.00000e+0, 0.00000e+0, 3, -1, Disabled
06/25/2024 13:57:55.063, 06/25/2024 13:57:55.006, 4.11486e+0, 0.00000e+0, 9.84415e+1, 0.00000e+0, 1.70547e+0, 0.00000e+0, 1.61019e+4, 0.00000e+0, 1.79482e+4, 0.00000e+0, 5.22686e+2, 0.00000e+0, 1.73338e+0, 0.00000e+0, 5.31240e+2, 0.00000e+0, 5.04064e+2, 0.00000e+0, 3.15625e+1, 0.00000e+0, 3.43662e+1, 0.00000e+0, 2.74293e+0, 0.00000e+0, 2.42115e+0, 0.00000e+0, 2.00000e+1, 0.00000e+0, 7.00000e+0, 0.00000e+0, 3, -1, Disabled
06/25/2024 13:57:56.063, 06/25/2024 13:57:56.000, 4.11475e+0, 0.00000e+0, 9.84389e+1, 0.00000e+0, 1.70379e+0, 0.00000e+0, 1.58486e+4, 0.00000e+0, 1.78762e+4, 0.00000e+0, 5.26402e+2, 0.00000e+0, 1.73123e+0, 0.00000e+0, 5.34879e+2, 0.00000e+0, 5.04005e+2, 0.00000e+0, 3.15617e+1, 0.00000e+0, 3.43935e+1, 0.00000e+0, 2.74377e+0, 0.00000e+0, 2.42165e+0, 0.00000e+0, 2.00000e+1, 0.00000e+0, 7.00000e+0, 0.00000e+0, 3, -1, Disabled
06/25/2024 13:57:57.078, 06/25/2024 13:57:56.994, 4.11465e+0, 0.00000e+0, 9.84365e+1, 0.00000e+0, 1.70252e+0, 0.00000e+0, 1.63206e+4, 0.00000e+0, 1.78781e+4, 0.00000e+0, 5.22900e+2, 0.00000e+0, 1.73077e+0, 0.00000e+0, 5.31576e+2, 0.00000e+0, 5.04142e+2, 0.00000e+0, 3.15643e+1, 0.00000e+0, 3.43692e+1, 0.00000e+0, 2.74255e+0, 0.00000e+0, 2.42190e+0, 0.00000e+0, 2.00000e+1, 0.00000e+0, 7.00000e+0, 0.00000e+0, 3, -1, Disabled
06/25/2024 13:57:58.046, 06/25/2024 13:57:57.989, 4.11449e+0, 0.00000e+0, 9.84327e+1, 0.00000e+0, 1.69974e+0, 0.00000e+0, 1.59758e+4, 0.00000e+0, 1.81735e+4, 0.00000e+0, 5.24257e+2, 0.00000e+0, 1.72734e+0, 0.00000e+0, 5.32768e+2, 0.00000e+0, 5.04014e+2, 0.00000e+0, 3.15562e+1, 0.00000e+0, 3.43780e+1, 0.00000e+0, 2.74294e+0, 0.00000e+0, 2.42191e+0, 0.00000e+0, 2.00000e+1, 0.00000e+0, 7.00000e+0, 0.00000e+0, 3, -1, Disabled
06/25/2024 13:57:59.059, 06/25/2024 13:57:58.983, 4.11493e+0, 0.00000e+0, 9.84433e+1, 0.00000e+0, 1.70252e+0, 0.00000e+0, 1.59680e+4, 0.00000e+0, 1.77996e+4, 0.00000e+0, 5.28186e+2, 0.00000e+0, 1.73014e+0, 0.00000e+0, 5.36757e+2, 0.00000e+0, 5.04129e+2, 0.00000e+0, 3.15572e+1, 0.00000e+0, 3.43816e+1, 0.00000e+0, 2.74420e+0, 0.00000e+0, 2.42190e+0, 0.00000e+0, 2.00000e+1, 0.00000e+0, 7.00000e+0, 0.00000e+0, 3, -1, Disabled
06/25/2024 13:58:00.033, 06/25/2024 13:57:59.978, 4.11457e+0, 0.00000e+0, 9.84346e+1, 0.00000e+0, 1.70079e+0, 0.00000e+0, 1.58910e+4, 0.00000e+0, 1.79321e+4, 0.00000e+0, 5.29807e+2, 0.00000e+0, 1.72825e+0, 0.00000e+0, 5.38362e+2, 0.00000e+0, 5.04041e+2, 0.00000e+0, 3.15559e+1, 0.00000e+0, 3.43786e+1, 0.00000e+0, 2.74347e+0, 0.00000e+0, 2.42188e+0, 0.00000e+0, 2.00000e+1, 0.00000e+0, 7.00000e+0, 0.00000e+0, 3, -1, Disabled
06/25/2024 13:58:01.031, 06/25/2024 13:58:00.973, 4.11433e+0, 0.00000e+0, 9.84289e+1, 0.00000e+0, 1.70591e+0, 0.00000e+0, 1.59820e+4, 0.00000e+0, 1.79968e+4, 0.00000e+0, 5.26976e+2, 0.00000e+0, 1.73362e+0, 0.00000e+0, 5.35535e+2, 0.00000e+0, 5.04166e+2, 0.00000e+0, 3.15739e+1, 0.00000e+0, 3.44314e+1, 0.00000e+0, 2.74174e+0, 0.00000e+0, 2.42170e+0, 0.00000e+0, 2.00000e+1, 0.00000e+0, 7.00000e+0, 0.00000e+0, 3, -1, Disabled
06/25/2024 13:58:02.052, 06/25/2024 13:58:01.967, 4.11506e+0, 0.00000e+0, 9.84465e+1, 0.00000e+0, 1.70171e+0, 0.00000e+0, 1.58084e+4, 0.00000e+0, 1.79434e+4, 0.00000e+0, 5.26543e+2, 0.00000e+0, 1.72905e+0, 0.00000e+0, 5.35001e+2, 0.00000e+0, 5.04042e+2, 0.00000e+0, 3.15667e+1, 0.00000e+0, 3.43970e+1, 0.00000e+0, 2.74257e+0, 0.00000e+0, 2.42204e+0, 0.00000e+0, 2.00000e+1, 0.00000e+0, 7.00000e+0, 0.00000e+0, 3, -1, Disabled
06/25/2024 13:58:03.038, 06/25/2024 13:58:02.962, 4.11444e+0, 0.00000e+0, 9.84316e+1, 0.00000e+0, 1.70209e+0, 0.00000e+0, 1.57879e+4, 0.00000e+0, 1.80039e+4, 0.00000e+0, 5.30600e+2, 0.00000e+0, 1.72939e+0, 0.00000e+0, 5.39112e+2, 0.00000e+0, 5.04153e+2, 0.00000e+0, 3.15632e+1, 0.00000e+0, 3.44347e+1, 0.00000e+0, 2.74317e+0, 0.00000e+0, 2.42159e+0, 0.00000e+0, 2.00000e+1, 0.00000e+0, 7.00000e+0, 0.00000e+0, 3, -1, Disabled
06/25/2024 13:58:04.035, 06/25/2024 13:58:03.957, 4.11465e+0, 0.00000e+0, 9.84367e+1, 0.00000e+0, 1.70258e+0, 0.00000e+0, 1.59531e+4, 0.00000e+0, 1.77600e+4, 0.00000e+0, 5.34699e+2, 0.00000e+0, 1.73019e+0, 0.00000e+0, 5.43368e+2, 0.00000e+0, 5.04109e+2, 0.00000e+0, 3.15614e+1, 0.00000e+0, 3.44109e+1, 0.00000e+0, 2.74249e+0, 0.00000e+0, 2.42096e+0, 0.00000e+0, 2.00000e+1, 0.00000e+0, 7.00000e+0, 0.00000e+0, 3, -1, Disabled
06/25/2024 13:58:05.004, 06/25/2024 13:58:04.950, 4.11442e+0, 0.00000e+0, 9.84311e+1, 0.00000e+0, 1.70149e+0, 0.00000e+0, 1.60933e+4, 0.00000e+0, 1.82543e+4, 0.00000e+0, 5.30693e+2, 0.00000e+0, 1.72932e+0, 0.00000e+0, 5.39373e+2, 0.00000e+0, 5.04049e+2, 0.00000e+0, 3.15622e+1, 0.00000e+0, 3.44487e+1, 0.00000e+0, 2.74361e+0, 0.00000e+0, 2.42155e+0, 0.00000e+0, 2.00000e+1, 0.00000e+0, 7.00000e+0, 0.00000e+0, 3, -1, Disabled
06/25/2024 13:58:06.010, 06/25/2024 13:58:05.945, 4.11495e+0, 0.00000e+0, 9.84439e+1, 0.00000e+0, 1.70247e+0, 0.00000e+0, 1.61708e+4, 0.00000e+0, 1.79395e+4, 0.00000e+0, 5.30709e+2, 0.00000e+0, 1.73046e+0, 0.00000e+0, 5.39432e+2, 0.00000e+0, 5.04120e+2, 0.00000e+0, 3.15629e+1, 0.00000e+0, 3.44029e+1, 0.00000e+0, 2.74247e+0, 0.00000e+0, 2.42134e+0, 0.00000e+0, 2.00000e+1, 0.00000e+0, 7.00000e+0, 0.00000e+0, 3, -1, Disabled
06/25/2024 13:58:07.015, 06/25/2024 13:58:06.940, 4.11469e+0, 0.00000e+0, 9.84376e+1, 0.00000e+0, 1.70703e+0, 0.00000e+0, 1.62147e+4, 0.00000e+0, 1.80060e+4, 0.00000e+0, 5.33158e+2, 0.00000e+0, 1.73516e+0, 0.00000e+0, 5.41946e+2, 0.00000e+0, 5.04027e+2, 0.00000e+0, 3.15652e+1, 0.00000e+0, 3.44175e+1, 0.00000e+0, 2.74348e+0, 0.00000e+0, 2.42289e+0, 0.00000e+0, 2.00000e+1, 0.00000e+0, 7.00000e+0, 0.00000e+0, 3, -1, Disabled
06/25/2024 13:58:07.991, 06/25/2024 13:58:07.934, 4.11465e+0, 0.00000e+0, 9.84366e+1, 0.00000e+0, 1.70539e+0, 0.00000e+0, 1.61590e+4, 0.00000e+0, 1.80526e+4, 0.00000e+0, 5.32884e+2, 0.00000e+0, 1.73340e+0, 0.00000e+0, 5.41636e+2, 0.00000e+0, 5.04171e+2, 0.00000e+0, 3.15658e+1, 0.00000e+0, 3.44331e+1, 0.00000e+0, 2.74321e+0, 0.00000e+0, 2.42138e+0, 0.00000e+0, 2.00000e+1, 0.00000e+0, 7.00000e+0, 0.00000e+0, 3, -1, Disabled
06/25/2024 13:58:08.986, 06/25/2024 13:58:08.929, 4.11481e+0, 0.00000e+0, 9.84405e+1, 0.00000e+0, 1.70853e+0, 0.00000e+0, 1.58013e+4, 0.00000e+0, 1.79130e+4, 0.00000e+0, 5.33830e+2, 0.00000e+0, 1.73596e+0, 0.00000e+0, 5.42400e+2, 0.00000e+0, 5.04002e+2, 0.00000e+0, 3.15633e+1, 0.00000e+0, 3.44218e+1, 0.00000e+0, 2.74369e+0, 0.00000e+0, 2.42189e+0, 0.00000e+0, 2.00000e+1, 0.00000e+0, 7.00000e+0, 0.00000e+0, 3, -1, Disabled
06/25/2024 13:58:09.984, 06/25/2024 13:58:09.924, 4.11467e+0, 0.00000e+0, 9.84371e+1, 0.00000e+0, 1.70291e+0, 0.00000e+0, 1.61394e+4, 0.00000e+0, 1.80658e+4, 0.00000e+0, 5.34169e+2, 0.00000e+0, 1.73085e+0, 0.00000e+0, 5.42932e+2, 0.00000e+0, 5.04113e+2, 0.00000e+0, 3.15639e+1, 0.00000e+0, 3.44603e+1, 0.00000e+0, 2.74301e+0, 0.00000e+0, 2.42170e+0, 0.00000e+0, 2.00000e+1, 0.00000e+0, 7.00000e+0, 0.00000e+0, 3, -1, Disabled
06/25/2024 13:58:10.977, 06/25/2024 13:58:10.918, 4.11499e+0, 0.00000e+0, 9.84448e+1, 0.00000e+0, 1.69927e+0, 0.00000e+0, 1.63979e+4, 0.00000e+0, 1.83198e+4, 0.00000e+0, 5.34553e+2, 0.00000e+0, 1.72760e+0, 0.00000e+0, 5.43465e+2, 0.00000e+0, 5.04063e+2, 0.00000e+0, 3.15640e+1, 0.00000e+0, 3.44321e+1, 0.00000e+0, 2.74383e+0, 0.00000e+0, 2.42135e+0, 0.00000e+0, 2.00000e+1, 0.00000e+0, 7.00000e+0, 0.00000e+0, 3, -1, Disabled
06/25/2024 13:58:11.969, 06/25/2024 13:58:11.912, 4.11465e+0, 0.00000e+0, 9.84365e+1, 0.00000e+0, 1.70291e+0, 0.00000e+0, 1.58905e+4, 0.00000e+0, 1.76253e+4, 0.00000e+0, 5.34511e+2, 0.00000e+0, 1.73041e+0, 0.00000e+0, 5.43141e+2, 0.00000e+0, 5.04124e+2, 0.00000e+0, 3.15753e+1, 0.00000e+0, 3.44773e+1, 0.00000e+0, 2.74463e+0, 0.00000e+0, 2.42210e+0, 0.00000e+0, 2.00000e+1, 0.00000e+0, 7.00000e+0, 0.00000e+0, 3, -1, Disabled
06/25/2024 13:58:12.962, 06/25/2024 13:58:12.908, 4.11490e+0, 0.00000e+0, 9.84427e+1, 0.00000e+0, 1.70082e+0, 0.00000e+0, 1.58438e+4, 0.00000e+0, 1.81138e+4, 0.00000e+0, 5.37829e+2, 0.00000e+0, 1.72820e+0, 0.00000e+0, 5.46488e+2, 0.00000e+0, 5.04078e+2, 0.00000e+0, 3.15641e+1, 0.00000e+0, 3.44385e+1, 0.00000e+0, 2.74400e+0, 0.00000e+0, 2.42159e+0, 0.00000e+0, 2.00000e+1, 0.00000e+0, 7.00000e+0, 0.00000e+0, 3, -1, Disabled
06/25/2024 13:58:13.964, 06/25/2024 13:58:13.903, 4.11479e+0, 0.00000e+0, 9.84400e+1, 0.00000e+0, 1.70282e+0, 0.00000e+0, 1.58764e+4, 0.00000e+0, 1.81129e+4, 0.00000e+0, 5.37078e+2, 0.00000e+0, 1.73029e+0, 0.00000e+0, 5.45743e+2, 0.00000e+0, 5.04042e+2, 0.00000e+0, 3.15649e+1, 0.00000e+0, 3.44702e+1, 0.00000e+0, 2.74267e+0, 0.00000e+0, 2.42179e+0, 0.00000e+0, 2.00000e+1, 0.00000e+0, 7.00000e+0, 0.00000e+0, 3, -1, Disabled
06/25/2024 13:58:14.987, 06/25/2024 13:58:14.896, 4.11506e+0, 0.00000e+0, 9.84465e+1, 0.00000e+0, 1.70837e+0, 0.00000e+0, 1.63578e+4, 0.00000e+0, 1.78363e+4, 0.00000e+0, 5.35249e+2, 0.00000e+0, 1.73678e+0, 0.00000e+0, 5.44150e+2, 0.00000e+0, 5.04148e+2, 0.00000e+0, 3.15594e+1, 0.00000e+0, 3.44430e+1, 0.00000e+0, 2.74328e+0, 0.00000e+0, 2.42136e+0, 0.00000e+0, 2.00000e+1, 0.00000e+0, 7.00000e+0, 0.00000e+0, 3, -1, Disabled
06/25/2024 13:58:15.966, 06/25/2024 13:58:15.891, 4.11442e+0, 0.00000e+0, 9.84312e+1, 0.00000e+0, 1.70046e+0, 0.00000e+0, 1.60202e+4, 0.00000e+0, 1.79921e+4, 0.00000e+0, 5.34129e+2, 0.00000e+0, 1.72815e+0, 0.00000e+0, 5.42826e+2, 0.00000e+0, 5.04030e+2, 0.00000e+0, 3.15593e+1, 0.00000e+0, 3.44702e+1, 0.00000e+0, 2.74368e+0, 0.00000e+0, 2.42168e+0, 0.00000e+0, 2.00000e+1, 0.00000e+0, 7.00000e+0, 0.00000e+0, 3, -1, Disabled
06/25/2024 13:58:16.969, 06/25/2024 13:58:16.887, 4.11483e+0, 0.00000e+0, 9.84408e+1, 0.00000e+0, 1.70918e+0, 0.00000e+0, 1.62478e+4, 0.00000e+0, 1.83415e+4, 0.00000e+0, 5.36726e+2, 0.00000e+0, 1.73741e+0, 0.00000e+0, 5.45590e+2, 0.00000e+0, 5.04148e+2, 0.00000e+0, 3.15664e+1, 0.00000e+0, 3.44718e+1, 0.00000e+0, 2.74376e+0, 0.00000e+0, 2.42127e+0, 0.00000e+0, 2.00000e+1, 0.00000e+0, 7.00000e+0, 0.00000e+0, 3, -1, Disabled
06/25/2024 13:58:17.935, 06/25/2024 13:58:17.880, 4.11516e+0, 0.00000e+0, 9.84487e+1, 0.00000e+0, 1.70220e+0, 0.00000e+0, 1.60359e+4, 0.00000e+0, 1.83008e+4, 0.00000e+0, 5.36702e+2, 0.00000e+0, 1.72994e+0, 0.00000e+0, 5.45449e+2, 0.00000e+0, 5.03980e+2, 0.00000e+0, 3.15652e+1, 0.00000e+0, 3.44531e+1, 0.00000e+0, 2.74364e+0, 0.00000e+0, 2.42203e+0, 0.00000e+0, 2.00000e+1, 0.00000e+0, 7.00000e+0, 0.00000e+0, 3, -1, Disabled
06/25/2024 13:58:18.965, 06/25/2024 13:58:18.875, 4.11472e+0, 0.00000e+0, 9.84382e+1, 0.00000e+0, 1.71224e+0, 0.00000e+0, 1.60328e+4, 0.00000e+0, 1.81993e+4, 0.00000e+0, 5.36869e+2, 0.00000e+0, 1.74014e+0, 0.00000e+0, 5.45617e+2, 0.00000e+0, 5.04142e+2, 0.00000e+0, 3.15699e+1, 0.00000e+0, 3.44832e+1, 0.00000e+0, 2.74419e+0, 0.00000e+0, 2.42188e+0, 0.00000e+0, 2.00000e+1, 0.00000e+0, 7.00000e+0, 0.00000e+0, 3, -1, Disabled
06/25/2024 13:58:19.928, 06/25/2024 13:58:19.869, 4.11485e+0, 0.00000e+0, 9.84414e+1, 0.00000e+0, 1.70885e+0, 0.00000e+0, 1.61502e+4, 0.00000e+0, 1.80410e+4, 0.00000e+0, 5.37814e+2, 0.00000e+0, 1.73690e+0, 0.00000e+0, 5.46642e+2, 0.00000e+0, 5.03990e+2, 0.00000e+0, 3.15702e+1, 0.00000e+0, 3.44699e+1, 0.00000e+0, 2.74412e+0, 0.00000e+0, 2.42119e+0, 0.00000e+0, 2.00000e+1, 0.00000e+0, 7.00000e+0, 0.00000e+0, 3, -1, Disabled
06/25/2024 13:58:20.927, 06/25/2024 13:58:20.863, 4.11502e+0, 0.00000e+0, 9.84454e+1, 0.00000e+0, 1.69847e+0, 0.00000e+0, 1.59961e+4, 0.00000e+0, 1.78972e+4, 0.00000e+0, 5.39046e+2, 0.00000e+0, 1.72608e+0, 0.00000e+0, 5.47809e+2, 0.00000e+0, 5.04114e+2, 0.00000e+0, 3.15670e+1, 0.00000e+0, 3.44963e+1, 0.00000e+0, 2.74492e+0, 0.00000e+0, 2.42184e+0, 0.00000e+0, 2.00000e+1, 0.00000e+0, 7.00000e+0, 0.00000e+0, 3, -1, Disabled
06/25/2024 13:58:21.912, 06/25/2024 13:58:21.858, 4.11495e+0, 0.00000e+0, 9.84437e+1, 0.00000e+0, 1.70510e+0, 0.00000e+0, 1.60794e+4, 0.00000e+0, 1.80798e+4, 0.00000e+0, 5.39310e+2, 0.00000e+0, 1.73296e+0, 0.00000e+0, 5.48124e+2, 0.00000e+0, 5.04024e+2, 0.00000e+0, 3.15664e+1, 0.00000e+0, 3.44760e+1, 0.00000e+0, 2.74287e+0, 0.00000e+0, 2.42184e+0, 0.00000e+0, 2.00000e+1, 0.00000e+0, 7.00000e+0, 0.00000e+0, 3, -1, Disabled
06/25/2024 13:58:22.933, 06/25/2024 13:58:22.853, 4.11480e+0, 0.00000e+0, 9.84403e+1, 0.00000e+0, 1.70930e+0, 0.00000e+0, 1.65206e+4, 0.00000e+0, 1.78749e+4, 0.00000e+0, 5.36674e+2, 0.00000e+0, 1.73801e+0, 0.00000e+0, 5.45689e+2, 0.00000e+0, 5.04122e+2, 0.00000e+0, 3.15796e+1, 0.00000e+0, 3.45333e+1, 0.00000e+0, 2.74508e+0, 0.00000e+0, 2.42214e+0, 0.00000e+0, 2.00000e+1, 0.00000e+0, 7.00000e+0, 0.00000e+0, 3, -1, Disabled
06/25/2024 13:58:23.906, 06/25/2024 13:58:23.848, 4.11504e+0, 0.00000e+0, 9.84459e+1, 0.00000e+0, 1.70739e+0, 0.00000e+0, 1.58750e+4, 0.00000e+0, 1.77948e+4, 0.00000e+0, 5.37144e+2, 0.00000e+0, 1.73493e+0, 0.00000e+0, 5.45808e+2, 0.00000e+0, 5.04079e+2, 0.00000e+0, 3.15684e+1, 0.00000e+0, 3.45021e+1, 0.00000e+0, 2.74457e+0, 0.00000e+0, 2.42168e+0, 0.00000e+0, 2.00000e+1, 0.00000e+0, 7.00000e+0, 0.00000e+0, 3, -1, Disabled
06/25/2024 13:58:24.899, 06/25/2024 13:58:24.841, 4.11437e+0, 0.00000e+0, 9.84300e+1, 0.00000e+0, 1.70737e+0, 0.00000e+0, 1.62528e+4, 0.00000e+0, 1.78455e+4, 0.00000e+0, 5.38484e+2, 0.00000e+0, 1.73558e+0, 0.00000e+0, 5.47381e+2, 0.00000e+0, 5.04041e+2, 0.00000e+0, 3.15685e+1, 0.00000e+0, 3.45254e+1, 0.00000e+0, 2.74309e+0, 0.00000e+0, 2.42288e+0, 0.00000e+0, 2.00000e+1, 0.00000e+0, 7.00000e+0, 0.00000e+0, 3, -1, Disabled
06/25/2024 13:58:25.895, 06/25/2024 13:58:25.836, 4.11474e+0, 0.00000e+0, 9.84387e+1, 0.00000e+0, 1.70409e+0, 0.00000e+0, 1.60828e+4, 0.00000e+0, 1.81807e+4, 0.00000e+0, 5.38527e+2, 0.00000e+0, 1.73195e+0, 0.00000e+0, 5.47330e+2, 0.00000e+0, 5.04111e+2, 0.00000e+0, 3.15685e+1, 0.00000e+0, 3.44915e+1, 0.00000e+0, 2.74271e+0, 0.00000e+0, 2.42216e+0, 0.00000e+0, 2.00000e+1, 0.00000e+0, 7.00000e+0, 0.00000e+0, 3, -1, Disabled
06/25/2024 13:58:26.908, 06/25/2024 13:58:26.831, 4.11459e+0, 0.00000e+0, 9.84351e+1, 0.00000e+0, 1.70442e+0, 0.00000e+0, 1.63861e+4, 0.00000e+0, 1.84605e+4, 0.00000e+0, 5.37428e+2, 0.00000e+0, 1.73281e+0, 0.00000e+0, 5.46381e+2, 0.00000e+0, 5.04038e+2, 0.00000e+0, 3.15691e+1, 0.00000e+0, 3.45315e+1, 0.00000e+0, 2.74400e+0, 0.00000e+0, 2.42292e+0, 0.00000e+0, 2.00000e+1, 0.00000e+0, 7.00000e+0, 0.00000e+0, 3, -1, Disabled
06/25/2024 13:58:27.903, 06/25/2024 13:58:27.826, 4.11494e+0, 0.00000e+0, 9.84436e+1, 0.00000e+0, 1.70559e+0, 0.00000e+0, 1.64522e+4, 0.00000e+0, 1.82032e+4, 0.00000e+0, 5.36118e+2, 0.00000e+0, 1.73412e+0, 0.00000e+0, 5.45086e+2, 0.00000e+0, 5.04096e+2, 0.00000e+0, 3.15685e+1, 0.00000e+0, 3.45029e+1, 0.00000e+0, 2.74352e+0, 0.00000e+0, 2.42288e+0, 0.00000e+0, 2.00000e+1, 0.00000e+0, 7.00000e+0, 0.00000e+0, 3, -1, Disabled
06/25/2024 13:58:28.905, 06/25/2024 13:58:28.820, 4.11446e+0, 0.00000e+0, 9.84321e+1, 0.00000e+0, 1.71212e+0, 0.00000e+0, 1.65319e+4, 0.00000e+0, 1.82473e+4, 0.00000e+0, 5.37892e+2, 0.00000e+0, 1.74090e+0, 0.00000e+0, 5.46934e+2, 0.00000e+0, 5.04003e+2, 0.00000e+0, 3.15705e+1, 0.00000e+0, 3.45240e+1, 0.00000e+0, 2.74287e+0, 0.00000e+0, 2.42222e+0, 0.00000e+0, 2.00000e+1, 0.00000e+0, 7.00000e+0, 0.00000e+0, 3, -1, Disabled
06/25/2024 13:58:29.870, 06/25/2024 13:58:29.814, 4.11481e+0, 0.00000e+0, 9.84403e+1, 0.00000e+0, 1.70484e+0, 0.00000e+0, 1.60362e+4, 0.00000e+0, 1.79608e+4, 0.00000e+0, 5.38065e+2, 0.00000e+0, 1.73262e+0, 0.00000e+0, 5.46834e+2, 0.00000e+0, 5.04129e+2, 0.00000e+0, 3.15701e+1, 0.00000e+0, 3.45238e+1, 0.00000e+0, 2.74406e+0, 0.00000e+0, 2.42181e+0, 0.00000e+0, 2.00000e+1, 0.00000e+0, 7.00000e+0, 0.00000e+0, 3, -1, Disabled
06/25/2024 13:58:30.888, 06/25/2024 13:58:30.809, 4.11454e+0, 0.00000e+0, 9.84339e+1, 0.00000e+0, 1.70888e+0, 0.00000e+0, 1.58592e+4, 0.00000e+0, 1.78672e+4, 0.00000e+0, 5.37053e+2, 0.00000e+0, 1.73642e+0, 0.00000e+0, 5.45707e+2, 0.00000e+0, 5.03959e+2, 0.00000e+0, 3.15701e+1, 0.00000e+0, 3.45273e+1, 0.00000e+0, 2.74467e+0, 0.00000e+0, 2.42256e+0, 0.00000e+0, 2.00000e+1, 0.00000e+0, 7.00000e+0, 0.00000e+0, 3, -1, Disabled
06/25/2024 13:58:31.882, 06/25/2024 13:58:31.803, 4.11466e+0, 0.00000e+0, 9.84369e+1, 0.00000e+0, 1.70324e+0, 0.00000e+0, 1.60854e+4, 0.00000e+0, 1.81680e+4, 0.00000e+0, 5.36794e+2, 0.00000e+0, 1.73108e+0, 0.00000e+0, 5.45569e+2, 0.00000e+0, 5.04131e+2, 0.00000e+0, 3.15650e+1, 0.00000e+0, 3.45437e+1, 0.00000e+0, 2.74414e+0, 0.00000e+0, 2.42210e+0, 0.00000e+0, 2.00000e+1, 0.00000e+0, 7.00000e+0, 0.00000e+0, 3, -1, Disabled
06/25/2024 13:58:32.854, 06/25/2024 13:58:32.798, 4.11494e+0, 0.00000e+0, 9.84435e+1, 0.00000e+0, 1.70786e+0, 0.00000e+0, 1.61556e+4, 0.00000e+0, 1.81931e+4, 0.00000e+0, 5.40032e+2, 0.00000e+0, 1.73590e+0, 0.00000e+0, 5.48900e+2, 0.00000e+0, 5.03978e+2, 0.00000e+0, 3.15647e+1, 0.00000e+0, 3.45214e+1, 0.00000e+0, 2.74388e+0, 0.00000e+0, 2.42225e+0, 0.00000e+0, 2.00000e+1, 0.00000e+0, 7.00000e+0, 0.00000e+0, 3, -1, Disabled
06/25/2024 13:58:33.851, 06/25/2024 13:58:33.792, 4.11477e+0, 0.00000e+0, 9.84395e+1, 0.00000e+0, 1.70911e+0, 0.00000e+0, 1.61619e+4, 0.00000e+0, 1.80746e+4, 0.00000e+0, 5.36182e+2, 0.00000e+0, 1.73718e+0, 0.00000e+0, 5.44990e+2, 0.00000e+0, 5.04154e+2, 0.00000e+0, 3.15667e+1, 0.00000e+0, 3.45712e+1, 0.00000e+0, 2.74379e+0, 0.00000e+0, 2.42217e+0, 0.00000e+0, 2.00000e+1, 0.00000e+0, 7.00000e+0, 0.00000e+0, 3, -1, Disabled
06/25/2024 13:58:34.845, 06/25/2024 13:58:34.787, 4.11445e+0, 0.00000e+0, 9.84318e+1, 0.00000e+0, 1.70641e+0, 0.00000e+0, 1.62909e+4, 0.00000e+0, 1.79522e+4, 0.00000e+0, 5.38356e+2, 0.00000e+0, 1.73467e+0, 0.00000e+0, 5.47272e+2, 0.00000e+0, 5.03965e+2, 0.00000e+0, 3.15647e+1, 0.00000e+0, 3.45349e+1, 0.00000e+0, 2.74312e+0, 0.00000e+0, 2.42265e+0, 0.00000e+0, 2.00000e+1, 0.00000e+0, 7.00000e+0, 0.00000e+0, 3, -1, Disabled
06/25/2024 13:58:35.858, 06/25/2024 13:58:35.783, 4.11379e+0, 0.00000e+0, 9.84159e+1, 0.00000e+0, 1.70771e+0, 0.00000e+0, 1.63627e+4, 0.00000e+0, 1.80026e+4, 0.00000e+0, 5.37428e+2, 0.00000e+0, 1.73612e+0, 0.00000e+0, 5.46368e+2, 0.00000e+0, 5.04073e+2, 0.00000e+0, 3.15744e+1, 0.00000e+0, 3.45768e+1, 0.00000e+0, 2.74333e+0, 0.00000e+0, 2.42193e+0, 0.00000e+0, 2.00000e+1, 0.00000e+0, 7.00000e+0, 0.00000e+0, 3, -1, Disabled
06/25/2024 13:58:36.855, 06/25/2024 13:58:36.776, 4.11409e+0, 0.00000e+0, 9.84233e+1, 0.00000e+0, 1.70457e+0, 0.00000e+0, 1.59999e+4, 0.00000e+0, 1.79874e+4, 0.00000e+0, 5.36346e+2, 0.00000e+0, 1.73228e+0, 0.00000e+0, 5.45067e+2, 0.00000e+0, 5.04012e+2, 0.00000e+0, 3.15861e+1, 0.00000e+0, 3.45318e+1, 0.00000e+0, 2.74423e+0, 0.00000e+0, 2.42232e+0, 0.00000e+0, 2.00000e+1, 0.00000e+0, 7.00000e+0, 0.00000e+0, 3, -1, Disabled
06/25/2024 13:58:37.849, 06/25/2024 13:58:37.772, 4.11258e+0, 0.00000e+0, 9.83871e+1, 0.00000e+0, 1.70442e+0, 0.00000e+0, 1.61070e+4, 0.00000e+0, 1.81949e+4, 0.00000e+0, 5.37346e+2, 0.00000e+0, 1.73232e+0, 0.00000e+0, 5.46143e+2, 0.00000e+0, 5.04002e+2, 0.00000e+0, 3.16006e+1, 0.00000e+0, 3.45701e+1, 0.00000e+0, 2.74518e+0, 0.00000e+0, 2.42202e+0, 0.00000e+0, 2.00000e+1, 0.00000e+0, 7.00000e+0, 0.00000e+0, 3, -1, Disabled
06/25/2024 13:58:38.850, 06/25/2024 13:58:38.766, 4.11415e+0, 0.00000e+0, 9.84247e+1, 0.00000e+0, 1.70138e+0, 0.00000e+0, 1.60031e+4, 0.00000e+0, 1.82842e+4, 0.00000e+0, 5.36457e+2, 0.00000e+0, 1.72905e+0, 0.00000e+0, 5.45182e+2, 0.00000e+0, 5.04100e+2, 0.00000e+0, 3.16076e+1, 0.00000e+0, 3.45403e+1, 0.00000e+0, 2.74451e+0, 0.00000e+0, 2.42212e+0, 0.00000e+0, 2.00000e+1, 0.00000e+0, 7.00000e+0, 0.00000e+0, 3, -1, Disabled
06/25/2024 13:58:39.839, 06/25/2024 13:58:39.761, 4.11134e+0, 0.00000e+0, 9.83573e+1, 0.00000e+0, 1.71097e+0, 0.00000e+0, 1.60292e+4, 0.00000e+0, 1.79894e+4, 0.00000e+0, 5.35319e+2, 0.00000e+0, 1.73885e+0, 0.00000e+0, 5.44039e+2, 0.00000e+0, 5.03907e+2, 0.00000e+0, 3.15952e+1, 0.00000e+0, 3.45641e+1, 0.00000e+0, 2.74364e+0, 0.00000e+0, 2.42311e+0, 0.00000e+0, 2.00000e+1, 0.00000e+0, 7.00000e+0, 0.00000e+0, 3, -1, Disabled
06/25/2024 13:58:40.810, 06/25/2024 13:58:40.754, 4.11380e+0, 0.00000e+0, 9.84162e+1, 0.00000e+0, 1.70391e+0, 0.00000e+0, 1.62187e+4, 0.00000e+0, 1.81077e+4, 0.00000e+0, 5.39309e+2, 0.00000e+0, 1.73200e+0, 0.00000e+0, 5.48200e+2, 0.00000e+0, 5.04035e+2, 0.00000e+0, 3.16030e+1, 0.00000e+0, 3.45486e+1, 0.00000e+0, 2.74291e+0, 0.00000e+0, 2.42170e+0, 0.00000e+0, 2.00000e+1, 0.00000e+0, 7.00000e+0, 0.00000e+0, 3, -1, Disabled
06/25/2024 13:58:41.863, 06/25/2024 13:58:41.750, 4.11322e+0, 0.00000e+0, 9.84025e+1, 0.00000e+0, 1.70589e+0, 0.00000e+0, 1.60619e+4, 0.00000e+0, 1.78762e+4, 0.00000e+0, 5.39158e+2, 0.00000e+0, 1.73374e+0, 0.00000e+0, 5.47960e+2, 0.00000e+0, 5.03942e+2, 0.00000e+0, 3.16240e+1, 0.00000e+0, 3.45587e+1, 0.00000e+0, 2.74414e+0, 0.00000e+0, 2.42145e+0, 0.00000e+0, 2.00000e+1, 0.00000e+0, 7.00000e+0, 0.00000e+0, 3, -1, Disabled
06/25/2024 13:58:42.856, 06/25/2024 13:58:42.744, 4.11411e+0, 0.00000e+0, 9.84236e+1, 0.00000e+0, 1.71153e+0, 0.00000e+0, 1.58600e+4, 0.00000e+0, 1.79291e+4, 0.00000e+0, 5.38414e+2, 0.00000e+0, 1.73911e+0, 0.00000e+0, 5.47091e+2, 0.00000e+0, 5.04142e+2, 0.00000e+0, 3.15904e+1, 0.00000e+0, 3.45733e+1, 0.00000e+0, 2.74315e+0, 0.00000e+0, 2.42197e+0, 0.00000e+0, 2.00000e+1, 0.00000e+0, 7.00000e+0, 0.00000e+0, 3, -1, Disabled
06/25/2024 13:58:43.795, 06/25/2024 13:58:43.738, 4.11237e+0, 0.00000e+0, 9.83820e+1, 0.00000e+0, 1.70353e+0, 0.00000e+0, 1.60202e+4, 0.00000e+0, 1.80454e+4, 0.00000e+0, 5.38350e+2, 0.00000e+0, 1.73127e+0, 0.00000e+0, 5.47115e+2, 0.00000e+0, 5.03894e+2, 0.00000e+0, 3.15985e+1, 0.00000e+0, 3.45634e+1, 0.00000e+0, 2.74360e+0, 0.00000e+0, 2.42205e+0, 0.00000e+0, 2.00000e+1, 0.00000e+0, 7.00000e+0, 0.00000e+0, 3, -1, Disabled
