SN:3K60180500001585 BD:Jul 23 2018 VC:834b9c1 MD5:48f99e4865ed8b810be1bb0eaaabf929
SysTime,                      Time,         Batt_v,      Batt_v_sd,   BATT_PERCENT,BATT_PERCENT_sd,      [CH4]_ppm,   [CH4]_ppm_sd,      [H2O]_ppm,   [H2O]_ppm_sd,     [H2Oa]_ppm,  [H2Oa]_ppm_sd,      [CO2]_ppm,   [CO2]_ppm_sd,     [CH4]d_ppm,  [CH4]d_ppm_sd,     [CO2]d_ppm,  [CO2]d_ppm_sd,      GasP_torr,   GasP_torr_sd,         GasT_C,      GasT_C_sd,         AmbT_C,      AmbT_C_sd,         RD0_us,      RD0_us_sd,         RD1_us,      RD1_us_sd, Temp_Status_mA,Temp_Status_mA_sd,Analyzer_Status_mA,Analyzer_Status_mA_sd,       Fit_Flag,      MIU_VALVE,       MIU_DESC
06/07/2024 12:47:25.529, 06/07/2024 12:47:25.447, 4.11886e+0, 0.00000e+0, 4.92686e+1, 0.00000e+0, 1.80637e+0, 0.00000e+0, 2.07785e+4, 0.00000e+0, 2.45023e+4, 0.00000e+0, 6.56082e+2, 0.00000e+0, 9.22349e-1, 0.00000e+0, 3.35002e+2, 0.00000e+0, 5.04516e+2, 0.00000e+0, 2.89040e+1, 0.00000e+0, 2.98016e+1, 0.00000e+0, 3.16491e+0, 0.00000e+0, 2.70758e+0, 0.00000e+0, 2.00000e+1, 0.00000e+0, 1.50000e+1, 0.00000e+0, 2, -1, Disabled
06/07/2024 12:47:26.515, 06/07/2024 12:47:26.440, 4.11856e+0, 0.00000e+0, 9.85302e+1, 0.00000e+0, 1.81934e+0, 0.00000e+0, 2.30611e+4, 0.00000e+0, 2.60794e+4, 0.00000e+0, 6.62950e+2, 0.00000e+0, 1.86228e+0, 0.00000e+0, 6.78599e+2, 0.00000e+0, 5.04385e+2, 0.00000e+0, 2.89004e+1, 0.00000e+0, 2.97899e+1, 0.00000e+0, 3.16461e+0, 0.00000e+0, 2.70732e+0, 0.00000e+0, 2.00000e+1, 0.00000e+0, 1.50000e+1, 0.00000e+0, 2, -1, Disabled
06/07/2024 12:47:27.493, 06/07/2024 12:47:27.436, 4.11915e+0, 0.00000e+0, 9.85443e+1, 0.00000e+0, 1.81569e+0, 0.00000e+0, 2.26485e+4, 0.00000e+0, 2.58144e+4, 0.00000e+0, 6.63608e+2, 0.00000e+0, 1.85776e+0, 0.00000e+0, 6.78986e+2, 0.00000e+0, 5.04576e+2, 0.00000e+0, 2.88977e+1, 0.00000e+0, 2.98249e+1, 0.00000e+0, 3.16414e+0, 0.00000e+0, 2.70685e+0, 0.00000e+0, 2.00000e+1, 0.00000e+0, 1.50000e+1, 0.00000e+0, 2, -1, Disabled
06/07/2024 12:47:28.502, 06/07/2024 12:47:28.430, 4.11877e+0, 0.00000e+0, 9.85351e+1, 0.00000e+0, 1.82419e+0, 0.00000e+0, 2.20521e+4, 0.00000e+0, 2.54450e+4, 0.00000e+0, 6.62767e+2, 0.00000e+0, 1.86533e+0, 0.00000e+0, 6.77712e+2, 0.00000e+0, 5.04401e+2, 0.00000e+0, 2.89015e+1, 0.00000e+0, 2.98222e+1, 0.00000e+0, 3.16454e+0, 0.00000e+0, 2.70594e+0, 0.00000e+0, 2.00000e+1, 0.00000e+0, 1.50000e+1, 0.00000e+0, 2, -1, Disabled
06/07/2024 12:47:29.507, 06/07/2024 12:47:29.424, 4.11794e+0, 0.00000e+0, 9.85152e+1, 0.00000e+0, 1.82487e+0, 0.00000e+0, 2.23577e+4, 0.00000e+0, 2.55028e+4, 0.00000e+0, 6.61242e+2, 0.00000e+0, 1.86660e+0, 0.00000e+0, 6.76364e+2, 0.00000e+0, 5.04431e+2, 0.00000e+0, 2.89028e+1, 0.00000e+0, 2.97808e+1, 0.00000e+0, 3.16537e+0, 0.00000e+0, 2.70584e+0, 0.00000e+0, 2.00000e+1, 0.00000e+0, 1.50000e+1, 0.00000e+0, 2, -1, Disabled
06/07/2024 12:47:30.498, 06/07/2024 12:47:30.418, 4.11903e+0, 0.00000e+0, 9.85414e+1, 0.00000e+0, 1.81717e+0, 0.00000e+0, 2.27306e+4, 0.00000e+0, 2.56743e+4, 0.00000e+0, 6.64046e+2, 0.00000e+0, 1.85944e+0, 0.00000e+0, 6.79491e+2, 0.00000e+0, 5.04577e+2, 0.00000e+0, 2.89066e+1, 0.00000e+0, 2.98624e+1, 0.00000e+0, 3.16367e+0, 0.00000e+0, 2.70529e+0, 0.00000e+0, 2.00000e+1, 0.00000e+0, 1.50000e+1, 0.00000e+0, 2, -1, Disabled
06/07/2024 12:47:31.493, 06/07/2024 12:47:31.413, 4.11930e+0, 0.00000e+0, 9.85477e+1, 0.00000e+0, 1.81930e+0, 0.00000e+0, 2.24708e+4, 0.00000e+0, 2.55086e+4, 0.00000e+0, 6.62692e+2, 0.00000e+0, 1.86112e+0, 0.00000e+0, 6.77926e+2, 0.00000e+0, 5.04393e+2, 0.00000e+0, 2.89024e+1, 0.00000e+0, 2.98048e+1, 0.00000e+0, 3.16453e+0, 0.00000e+0, 2.70514e+0, 0.00000e+0, 2.00000e+1, 0.00000e+0, 1.50000e+1, 0.00000e+0, 2, -1, Disabled
06/07/2024 12:47:32.505, 06/07/2024 12:47:32.415, 4.11908e+0, 0.00000e+0, 9.85425e+1, 0.00000e+0, 1.82294e+0, 0.00000e+0, 2.26254e+4, 0.00000e+0, 2.57238e+4, 0.00000e+0, 6.62282e+2, 0.00000e+0, 1.86514e+0, 0.00000e+0, 6.77613e+2, 0.00000e+0, 5.04598e+2, 0.00000e+0, 2.89047e+1, 0.00000e+0, 2.98410e+1, 0.00000e+0, 3.16476e+0, 0.00000e+0, 2.70472e+0, 0.00000e+0, 2.00000e+1, 0.00000e+0, 1.50000e+1, 0.00000e+0, 2, -1, Disabled
06/07/2024 12:47:33.488, 06/07/2024 12:47:33.409, 4.11919e+0, 0.00000e+0, 9.85452e+1, 0.00000e+0, 1.82661e+0, 0.00000e+0, 2.30033e+4, 0.00000e+0, 2.61728e+4, 0.00000e+0, 6.61460e+2, 0.00000e+0, 1.86961e+0, 0.00000e+0, 6.77034e+2, 0.00000e+0, 5.04397e+2, 0.00000e+0, 2.89002e+1, 0.00000e+0, 2.98303e+1, 0.00000e+0, 3.16504e+0, 0.00000e+0, 2.70484e+0, 0.00000e+0, 2.00000e+1, 0.00000e+0, 1.50000e+1, 0.00000e+0, 2, -1, Disabled
06/07/2024 12:47:34.485, 06/07/2024 12:47:34.403, 4.11949e+0, 0.00000e+0, 9.85525e+1, 0.00000e+0, 1.81847e+0, 0.00000e+0, 2.24362e+4, 0.00000e+0, 2.54480e+4, 0.00000e+0, 6.61143e+2, 0.00000e+0, 1.86020e+0, 0.00000e+0, 6.76317e+2, 0.00000e+0, 5.04502e+2, 0.00000e+0, 2.89030e+1, 0.00000e+0, 2.98066e+1, 0.00000e+0, 3.16370e+0, 0.00000e+0, 2.70469e+0, 0.00000e+0, 2.00000e+1, 0.00000e+0, 1.50000e+1, 0.00000e+0, 2, -1, Disabled
06/07/2024 12:47:35.480, 06/07/2024 12:47:35.398, 4.11840e+0, 0.00000e+0, 9.85262e+1, 0.00000e+0, 1.82389e+0, 0.00000e+0, 2.27659e+4, 0.00000e+0, 2.56721e+4, 0.00000e+0, 6.59715e+2, 0.00000e+0, 1.86638e+0, 0.00000e+0, 6.75084e+2, 0.00000e+0, 5.04534e+2, 0.00000e+0, 2.89129e+1, 0.00000e+0, 2.98559e+1, 0.00000e+0, 3.16435e+0, 0.00000e+0, 2.70587e+0, 0.00000e+0, 2.00000e+1, 0.00000e+0, 1.50000e+1, 0.00000e+0, 2, -1, Disabled
06/07/2024 12:47:36.449, 06/07/2024 12:47:36.393, 4.11871e+0, 0.00000e+0, 9.85337e+1, 0.00000e+0, 1.81675e+0, 0.00000e+0, 2.28790e+4, 0.00000e+0, 2.58278e+4, 0.00000e+0, 6.60535e+2, 0.00000e+0, 1.85929e+0, 0.00000e+0, 6.76001e+2, 0.00000e+0, 5.04417e+2, 0.00000e+0, 2.89198e+1, 0.00000e+0, 2.97959e+1, 0.00000e+0, 3.16404e+0, 0.00000e+0, 2.70473e+0, 0.00000e+0, 2.00000e+1, 0.00000e+0, 1.50000e+1, 0.00000e+0, 2, -1, Disabled
06/07/2024 12:47:37.497, 06/07/2024 12:47:37.387, 4.11819e+0, 0.00000e+0, 9.85212e+1, 0.00000e+0, 1.81960e+0, 0.00000e+0, 2.30942e+4, 0.00000e+0, 2.59592e+4, 0.00000e+0, 6.61453e+2, 0.00000e+0, 1.86262e+0, 0.00000e+0, 6.77089e+2, 0.00000e+0, 5.04553e+2, 0.00000e+0, 2.89365e+1, 0.00000e+0, 2.98356e+1, 0.00000e+0, 3.16435e+0, 0.00000e+0, 2.70436e+0, 0.00000e+0, 2.00000e+1, 0.00000e+0, 1.50000e+1, 0.00000e+0, 3, -1, Disabled
06/07/2024 12:47:38.452, 06/07/2024 12:47:38.381, 4.11866e+0, 0.00000e+0, 9.85325e+1, 0.00000e+0, 1.81349e+0, 0.00000e+0, 2.34127e+4, 0.00000e+0, 2.60897e+4, 0.00000e+0, 6.62562e+2, 0.00000e+0, 1.85697e+0, 0.00000e+0, 6.78446e+2, 0.00000e+0, 5.04367e+2, 0.00000e+0, 2.89100e+1, 0.00000e+0, 2.98167e+1, 0.00000e+0, 3.16451e+0, 0.00000e+0, 2.70508e+0, 0.00000e+0, 2.00000e+1, 0.00000e+0, 1.50000e+1, 0.00000e+0, 3, -1, Disabled
06/07/2024 12:47:39.469, 06/07/2024 12:47:39.377, 4.11908e+0, 0.00000e+0, 9.85425e+1, 0.00000e+0, 1.82025e+0, 0.00000e+0, 2.28584e+4, 0.00000e+0, 2.57047e+4, 0.00000e+0, 6.61589e+2, 0.00000e+0, 1.86284e+0, 0.00000e+0, 6.77066e+2, 0.00000e+0, 5.04606e+2, 0.00000e+0, 2.89068e+1, 0.00000e+0, 2.98345e+1, 0.00000e+0, 3.16291e+0, 0.00000e+0, 2.70477e+0, 0.00000e+0, 2.00000e+1, 0.00000e+0, 1.50000e+1, 0.00000e+0, 3, -1, Disabled
06/07/2024 12:47:40.477, 06/07/2024 12:47:40.377, 4.11873e+0, 0.00000e+0, 9.85341e+1, 0.00000e+0, 1.83148e+0, 0.00000e+0, 2.26977e+4, 0.00000e+0, 2.58561e+4, 0.00000e+0, 6.60781e+2, 0.00000e+0, 1.87402e+0, 0.00000e+0, 6.76127e+2, 0.00000e+0, 5.04469e+2, 0.00000e+0, 2.89033e+1, 0.00000e+0, 2.98614e+1, 0.00000e+0, 3.16303e+0, 0.00000e+0, 2.70392e+0, 0.00000e+0, 2.00000e+1, 0.00000e+0, 1.50000e+1, 0.00000e+0, 3, -1, Disabled
06/07/2024 12:47:41.433, 06/07/2024 12:47:41.372, 4.11911e+0, 0.00000e+0, 9.85434e+1, 0.00000e+0, 1.81790e+0, 0.00000e+0, 2.21239e+4, 0.00000e+0, 2.55035e+4, 0.00000e+0, 6.61718e+2, 0.00000e+0, 1.85903e+0, 0.00000e+0, 6.76689e+2, 0.00000e+0, 5.04423e+2, 0.00000e+0, 2.89038e+1, 0.00000e+0, 2.98159e+1, 0.00000e+0, 3.16327e+0, 0.00000e+0, 2.70459e+0, 0.00000e+0, 2.00000e+1, 0.00000e+0, 1.50000e+1, 0.00000e+0, 3, -1, Disabled
06/07/2024 12:47:42.424, 06/07/2024 12:47:42.366, 4.11907e+0, 0.00000e+0, 9.85424e+1, 0.00000e+0, 1.82434e+0, 0.00000e+0, 2.22334e+4, 0.00000e+0, 2.56740e+4, 0.00000e+0, 6.59597e+2, 0.00000e+0, 1.86583e+0, 0.00000e+0, 6.74596e+2, 0.00000e+0, 5.04610e+2, 0.00000e+0, 2.89068e+1, 0.00000e+0, 2.98502e+1, 0.00000e+0, 3.16269e+0, 0.00000e+0, 2.70492e+0, 0.00000e+0, 2.00000e+1, 0.00000e+0, 1.50000e+1, 0.00000e+0, 3, -1, Disabled
06/07/2024 12:47:43.443, 06/07/2024 12:47:43.362, 4.11902e+0, 0.00000e+0, 9.85412e+1, 0.00000e+0, 1.82123e+0, 0.00000e+0, 2.26914e+4, 0.00000e+0, 2.59073e+4, 0.00000e+0, 6.60187e+2, 0.00000e+0, 1.86351e+0, 0.00000e+0, 6.75516e+2, 0.00000e+0, 5.04408e+2, 0.00000e+0, 2.89125e+1, 0.00000e+0, 2.98198e+1, 0.00000e+0, 3.16314e+0, 0.00000e+0, 2.70418e+0, 0.00000e+0, 2.00000e+1, 0.00000e+0, 1.50000e+1, 0.00000e+0, 3, -1, Disabled
06/07/2024 12:47:44.434, 06/07/2024 12:47:44.355, 4.11933e+0, 0.00000e+0, 9.85486e+1, 0.00000e+0, 1.81385e+0, 0.00000e+0, 2.31060e+4, 0.00000e+0, 2.60771e+4, 0.00000e+0, 6.63179e+2, 0.00000e+0, 1.85675e+0, 0.00000e+0, 6.78865e+2, 0.00000e+0, 5.04557e+2, 0.00000e+0, 2.89058e+1, 0.00000e+0, 2.98377e+1, 0.00000e+0, 3.16303e+0, 0.00000e+0, 2.70486e+0, 0.00000e+0, 2.00000e+1, 0.00000e+0, 1.50000e+1, 0.00000e+0, 3, -1, Disabled
06/07/2024 12:47:45.430, 06/07/2024 12:47:45.380, 4.11811e+0, 0.00000e+0, 9.85194e+1, 0.00000e+0, 1.82165e+0, 0.00000e+0, 2.27655e+4, 0.00000e+0, 2.58684e+4, 0.00000e+0, 6.61245e+2, 0.00000e+0, 1.86408e+0, 0.00000e+0, 6.76649e+2, 0.00000e+0, 5.04380e+2, 0.00000e+0, 2.89097e+1, 0.00000e+0, 2.98772e+1, 0.00000e+0, 3.16199e+0, 0.00000e+0, 2.70370e+0, 0.00000e+0, 2.00000e+1, 0.00000e+0, 1.50000e+1, 0.00000e+0, 3, -1, Disabled
06/07/2024 12:47:46.402, 06/07/2024 12:47:46.345, 4.11925e+0, 0.00000e+0, 9.85466e+1, 0.00000e+0, 1.81992e+0, 0.00000e+0, 2.31437e+4, 0.00000e+0, 2.56558e+4, 0.00000e+0, 6.62659e+2, 0.00000e+0, 1.86304e+0, 0.00000e+0, 6.78358e+2, 0.00000e+0, 5.04506e+2, 0.00000e+0, 2.89149e+1, 0.00000e+0, 2.98219e+1, 0.00000e+0, 3.16280e+0, 0.00000e+0, 2.70392e+0, 0.00000e+0, 2.00000e+1, 0.00000e+0, 1.50000e+1, 0.00000e+0, 3, -1, Disabled
06/07/2024 12:47:47.425, 06/07/2024 12:47:47.340, 4.11892e+0, 0.00000e+0, 9.85388e+1, 0.00000e+0, 1.82775e+0, 0.00000e+0, 2.31643e+4, 0.00000e+0, 2.59117e+4, 0.00000e+0, 6.61680e+2, 0.00000e+0, 1.87109e+0, 0.00000e+0, 6.77371e+2, 0.00000e+0, 5.04542e+2, 0.00000e+0, 2.89068e+1, 0.00000e+0, 2.98853e+1, 0.00000e+0, 3.16099e+0, 0.00000e+0, 2.70419e+0, 0.00000e+0, 2.00000e+1, 0.00000e+0, 1.50000e+1, 0.00000e+0, 3, -1, Disabled
06/07/2024 12:47:48.411, 06/07/2024 12:47:48.333, 4.11865e+0, 0.00000e+0, 9.85322e+1, 0.00000e+0, 1.82101e+0, 0.00000e+0, 2.26579e+4, 0.00000e+0, 2.57615e+4, 0.00000e+0, 6.63783e+2, 0.00000e+0, 1.86322e+0, 0.00000e+0, 6.79172e+2, 0.00000e+0, 5.04375e+2, 0.00000e+0, 2.89441e+1, 0.00000e+0, 2.98575e+1, 0.00000e+0, 3.16274e+0, 0.00000e+0, 2.70277e+0, 0.00000e+0, 2.00000e+1, 0.00000e+0, 1.50000e+1, 0.00000e+0, 3, -1, Disabled
06/07/2024 12:47:49.409, 06/07/2024 12:47:49.329, 4.11929e+0, 0.00000e+0, 9.85477e+1, 0.00000e+0, 1.81812e+0, 0.00000e+0, 2.33127e+4, 0.00000e+0, 2.60680e+4, 0.00000e+0, 6.62476e+2, 0.00000e+0, 1.86152e+0, 0.00000e+0, 6.78289e+2, 0.00000e+0, 5.04581e+2, 0.00000e+0, 2.89106e+1, 0.00000e+0, 2.98652e+1, 0.00000e+0, 3.16259e+0, 0.00000e+0, 2.70405e+0, 0.00000e+0, 2.00000e+1, 0.00000e+0, 1.50000e+1, 0.00000e+0, 3, -1, Disabled
06/07/2024 12:47:50.384, 06/07/2024 12:47:50.323, 4.11897e+0, 0.00000e+0, 9.85400e+1, 0.00000e+0, 1.82977e+0, 0.00000e+0, 2.31625e+4, 0.00000e+0, 2.60692e+4, 0.00000e+0, 6.61846e+2, 0.00000e+0, 1.87316e+0, 0.00000e+0, 6.77540e+2, 0.00000e+0, 5.04375e+2, 0.00000e+0, 2.89144e+1, 0.00000e+0, 2.98824e+1, 0.00000e+0, 3.16273e+0, 0.00000e+0, 2.70371e+0, 0.00000e+0, 2.00000e+1, 0.00000e+0, 1.50000e+1, 0.00000e+0, 3, -1, Disabled
06/07/2024 12:47:51.399, 06/07/2024 12:47:51.319, 4.11939e+0, 0.00000e+0, 9.85499e+1, 0.00000e+0, 1.82508e+0, 0.00000e+0, 2.26477e+4, 0.00000e+0, 2.58367e+4, 0.00000e+0, 6.62814e+2, 0.00000e+0, 1.86738e+0, 0.00000e+0, 6.78173e+2, 0.00000e+0, 5.04482e+2, 0.00000e+0, 2.89077e+1, 0.00000e+0, 2.98435e+1, 0.00000e+0, 3.16189e+0, 0.00000e+0, 2.70372e+0, 0.00000e+0, 2.00000e+1, 0.00000e+0, 1.50000e+1, 0.00000e+0, 3, -1, Disabled
06/07/2024 12:47:52.398, 06/07/2024 12:47:52.312, 4.11903e+0, 0.00000e+0, 9.85414e+1, 0.00000e+0, 1.81249e+0, 0.00000e+0, 2.27782e+4, 0.00000e+0, 2.55852e+4, 0.00000e+0, 6.60298e+2, 0.00000e+0, 1.85474e+0, 0.00000e+0, 6.75689e+2, 0.00000e+0, 5.04568e+2, 0.00000e+0, 2.89090e+1, 0.00000e+0, 2.99105e+1, 0.00000e+0, 3.16246e+0, 0.00000e+0, 2.70367e+0, 0.00000e+0, 2.00000e+1, 0.00000e+0, 1.50000e+1, 0.00000e+0, 3, -1, Disabled
06/07/2024 12:47:53.360, 06/07/2024 12:47:53.306, 4.11907e+0, 0.00000e+0, 9.85423e+1, 0.00000e+0, 1.82087e+0, 0.00000e+0, 2.25833e+4, 0.00000e+0, 2.57807e+4, 0.00000e+0, 6.62086e+2, 0.00000e+0, 1.86294e+0, 0.00000e+0, 6.77384e+2, 0.00000e+0, 5.04335e+2, 0.00000e+0, 2.89111e+1, 0.00000e+0, 2.98642e+1, 0.00000e+0, 3.16221e+0, 0.00000e+0, 2.70390e+0, 0.00000e+0, 2.00000e+1, 0.00000e+0, 1.50000e+1, 0.00000e+0, 3, -1, Disabled
06/07/2024 12:47:54.380, 06/07/2024 12:47:54.302, 4.11940e+0, 0.00000e+0, 9.85503e+1, 0.00000e+0, 1.82003e+0, 0.00000e+0, 2.30719e+4, 0.00000e+0, 2.60917e+4, 0.00000e+0, 6.61057e+2, 0.00000e+0, 1.86302e+0, 0.00000e+0, 6.76669e+2, 0.00000e+0, 5.04582e+2, 0.00000e+0, 2.89006e+1, 0.00000e+0, 2.98878e+1, 0.00000e+0, 3.16270e+0, 0.00000e+0, 2.70287e+0, 0.00000e+0, 2.00000e+1, 0.00000e+0, 1.50000e+1, 0.00000e+0, 3, -1, Disabled
06/07/2024 12:47:55.356, 06/07/2024 12:47:55.296, 4.11868e+0, 0.00000e+0, 9.85330e+1, 0.00000e+0, 1.82960e+0, 0.00000e+0, 2.34015e+4, 0.00000e+0, 2.62816e+4, 0.00000e+0, 6.59385e+2, 0.00000e+0, 1.87344e+0, 0.00000e+0, 6.75186e+2, 0.00000e+0, 5.04418e+2, 0.00000e+0, 2.89068e+1, 0.00000e+0, 2.99194e+1, 0.00000e+0, 3.16200e+0, 0.00000e+0, 2.70408e+0, 0.00000e+0, 2.00000e+1, 0.00000e+0, 1.50000e+1, 0.00000e+0, 3, -1, Disabled
06/07/2024 12:47:56.348, 06/07/2024 12:47:56.290, 4.11918e+0, 0.00000e+0, 9.85449e+1, 0.00000e+0, 1.82248e+0, 0.00000e+0, 2.23716e+4, 0.00000e+0, 2.57308e+4, 0.00000e+0, 6.60096e+2, 0.00000e+0, 1.86419e+0, 0.00000e+0, 6.75201e+2, 0.00000e+0, 5.04432e+2, 0.00000e+0, 2.89031e+1, 0.00000e+0, 2.98620e+1, 0.00000e+0, 3.16301e+0, 0.00000e+0, 2.70365e+0, 0.00000e+0, 2.00000e+1, 0.00000e+0, 1.50000e+1, 0.00000e+0, 3, -1, Disabled
06/07/2024 12:47:57.380, 06/07/2024 12:47:57.306, 4.11751e+0, 0.00000e+0, 9.85050e+1, 0.00000e+0, 1.82175e+0, 0.00000e+0, 2.28289e+4, 0.00000e+0, 2.62088e+4, 0.00000e+0, 6.59060e+2, 0.00000e+0, 1.86431e+0, 0.00000e+0, 6.74457e+2, 0.00000e+0, 5.04478e+2, 0.00000e+0, 2.89124e+1, 0.00000e+0, 2.98827e+1, 0.00000e+0, 3.16163e+0, 0.00000e+0, 2.70413e+0, 0.00000e+0, 2.00000e+1, 0.00000e+0, 1.50000e+1, 0.00000e+0, 3, -1, Disabled
06/07/2024 12:47:58.362, 06/07/2024 12:47:58.279, 4.11889e+0, 0.00000e+0, 9.85380e+1, 0.00000e+0, 1.81570e+0, 0.00000e+0, 2.31232e+4, 0.00000e+0, 2.61085e+4, 0.00000e+0, 6.62053e+2, 0.00000e+0, 1.85868e+0, 0.00000e+0, 6.77724e+2, 0.00000e+0, 5.04379e+2, 0.00000e+0, 2.89152e+1, 0.00000e+0, 2.98739e+1, 0.00000e+0, 3.16231e+0, 0.00000e+0, 2.70342e+0, 0.00000e+0, 2.00000e+1, 0.00000e+0, 1.50000e+1, 0.00000e+0, 3, -1, Disabled
06/07/2024 12:47:59.574, 06/07/2024 12:47:59.500, 4.11760e+0, 0.00000e+0, 9.85072e+1, 0.00000e+0, 1.82380e+0, 0.00000e+0, 2.31453e+4, 0.00000e+0, 2.59114e+4, 0.00000e+0, 6.62817e+2, 0.00000e+0, 1.86701e+0, 0.00000e+0, 6.78522e+2, 0.00000e+0, 5.04415e+2, 0.00000e+0, 2.89219e+1, 0.00000e+0, 2.99038e+1, 0.00000e+0, 3.16263e+0, 0.00000e+0, 2.70266e+0, 0.00000e+0, 2.00000e+1, 0.00000e+0, 1.50000e+1, 0.00000e+0, 3, -1, Disabled
06/07/2024 12:48:00.346, 06/07/2024 12:48:00.269, 4.11752e+0, 0.00000e+0, 9.85053e+1, 0.00000e+0, 1.81981e+0, 0.00000e+0, 2.28706e+4, 0.00000e+0, 2.56918e+4, 0.00000e+0, 6.62611e+2, 0.00000e+0, 1.86241e+0, 0.00000e+0, 6.78120e+2, 0.00000e+0, 5.04312e+2, 0.00000e+0, 2.89194e+1, 0.00000e+0, 2.98770e+1, 0.00000e+0, 3.16335e+0, 0.00000e+0, 2.70363e+0, 0.00000e+0, 2.00000e+1, 0.00000e+0, 1.50000e+1, 0.00000e+0, 3, -1, Disabled
06/07/2024 12:48:01.321, 06/07/2024 12:48:01.262, 4.11864e+0, 0.00000e+0, 9.85321e+1, 0.00000e+0, 1.81904e+0, 0.00000e+0, 2.28221e+4, 0.00000e+0, 2.56188e+4, 0.00000e+0, 6.61818e+2, 0.00000e+0, 1.86153e+0, 0.00000e+0, 6.77275e+2, 0.00000e+0, 5.04492e+2, 0.00000e+0, 2.89245e+1, 0.00000e+0, 2.99044e+1, 0.00000e+0, 3.16234e+0, 0.00000e+0, 2.70271e+0, 0.00000e+0, 2.00000e+1, 0.00000e+0, 1.50000e+1, 0.00000e+0, 3, -1, Disabled
06/07/2024 12:48:02.337, 06/07/2024 12:48:02.258, 4.11848e+0, 0.00000e+0, 9.85283e+1, 0.00000e+0, 1.81505e+0, 0.00000e+0, 2.31369e+4, 0.00000e+0, 2.63180e+4, 0.00000e+0, 6.60001e+2, 0.00000e+0, 1.85804e+0, 0.00000e+0, 6.75633e+2, 0.00000e+0, 5.04483e+2, 0.00000e+0, 2.89235e+1, 0.00000e+0, 2.99416e+1, 0.00000e+0, 3.16212e+0, 0.00000e+0, 2.70317e+0, 0.00000e+0, 2.00000e+1, 0.00000e+0, 1.50000e+1, 0.00000e+0, 3, -1, Disabled
06/07/2024 12:48:03.326, 06/07/2024 12:48:03.252, 4.11871e+0, 0.00000e+0, 9.85337e+1, 0.00000e+0, 1.82412e+0, 0.00000e+0, 2.33631e+4, 0.00000e+0, 2.63354e+4, 0.00000e+0, 6.59899e+2, 0.00000e+0, 1.86775e+0, 0.00000e+0, 6.75685e+2, 0.00000e+0, 5.04400e+2, 0.00000e+0, 2.89247e+1, 0.00000e+0, 2.98991e+1, 0.00000e+0, 3.16200e+0, 0.00000e+0, 2.70294e+0, 0.00000e+0, 2.00000e+1, 0.00000e+0, 1.50000e+1, 0.00000e+0, 3, -1, Disabled
06/07/2024 12:48:04.330, 06/07/2024 12:48:04.246, 4.11876e+0, 0.00000e+0, 9.85349e+1, 0.00000e+0, 1.81720e+0, 0.00000e+0, 2.29110e+4, 0.00000e+0, 2.58972e+4, 0.00000e+0, 6.60677e+2, 0.00000e+0, 1.85981e+0, 0.00000e+0, 6.76169e+2, 0.00000e+0, 5.04567e+2, 0.00000e+0, 2.89129e+1, 0.00000e+0, 2.99468e+1, 0.00000e+0, 3.16239e+0, 0.00000e+0, 2.70341e+0, 0.00000e+0, 2.00000e+1, 0.00000e+0, 1.50000e+1, 0.00000e+0, 3, -1, Disabled
06/07/2024 12:48:05.296, 06/07/2024 12:48:05.242, 4.11874e+0, 0.00000e+0, 9.85343e+1, 0.00000e+0, 1.82146e+0, 0.00000e+0, 2.30111e+4, 0.00000e+0, 2.59764e+4, 0.00000e+0, 6.61821e+2, 0.00000e+0, 1.86436e+0, 0.00000e+0, 6.77409e+2, 0.00000e+0, 5.04339e+2, 0.00000e+0, 2.89160e+1, 0.00000e+0, 2.99156e+1, 0.00000e+0, 3.16199e+0, 0.00000e+0, 2.70219e+0, 0.00000e+0, 2.00000e+1, 0.00000e+0, 1.50000e+1, 0.00000e+0, 3, -1, Disabled
06/07/2024 12:48:06.323, 06/07/2024 12:48:06.236, 4.11935e+0, 0.00000e+0, 9.85490e+1, 0.00000e+0, 1.82723e+0, 0.00000e+0, 2.35016e+4, 0.00000e+0, 2.59511e+4, 0.00000e+0, 6.59290e+2, 0.00000e+0, 1.87120e+0, 0.00000e+0, 6.75157e+2, 0.00000e+0, 5.04467e+2, 0.00000e+0, 2.89180e+1, 0.00000e+0, 2.99064e+1, 0.00000e+0, 3.16159e+0, 0.00000e+0, 2.70254e+0, 0.00000e+0, 2.00000e+1, 0.00000e+0, 1.50000e+1, 0.00000e+0, 3, -1, Disabled
06/07/2024 12:48:07.306, 06/07/2024 12:48:07.231, 4.11865e+0, 0.00000e+0, 9.85322e+1, 0.00000e+0, 1.82616e+0, 0.00000e+0, 2.24428e+4, 0.00000e+0, 2.57058e+4, 0.00000e+0, 6.60788e+2, 0.00000e+0, 1.86808e+0, 0.00000e+0, 6.75959e+2, 0.00000e+0, 5.04479e+2, 0.00000e+0, 2.89315e+1, 0.00000e+0, 2.99504e+1, 0.00000e+0, 3.16193e+0, 0.00000e+0, 2.70305e+0, 0.00000e+0, 2.00000e+1, 0.00000e+0, 1.50000e+1, 0.00000e+0, 3, -1, Disabled
06/07/2024 12:48:08.299, 06/07/2024 12:48:08.224, 4.11893e+0, 0.00000e+0, 9.85391e+1, 0.00000e+0, 1.80999e+0, 0.00000e+0, 2.29145e+4, 0.00000e+0, 2.56705e+4, 0.00000e+0, 6.64750e+2, 0.00000e+0, 1.85243e+0, 0.00000e+0, 6.80340e+2, 0.00000e+0, 5.04401e+2, 0.00000e+0, 2.89367e+1, 0.00000e+0, 2.99057e+1, 0.00000e+0, 3.16269e+0, 0.00000e+0, 2.70287e+0, 0.00000e+0, 2.00000e+1, 0.00000e+0, 1.50000e+1, 0.00000e+0, 3, -1, Disabled
06/07/2024 12:48:09.296, 06/07/2024 12:48:09.219, 4.11876e+0, 0.00000e+0, 9.85349e+1, 0.00000e+0, 1.82081e+0, 0.00000e+0, 2.35569e+4, 0.00000e+0, 2.61576e+4, 0.00000e+0, 6.62246e+2, 0.00000e+0, 1.86474e+0, 0.00000e+0, 6.78223e+2, 0.00000e+0, 5.04579e+2, 0.00000e+0, 2.89250e+1, 0.00000e+0, 2.99462e+1, 0.00000e+0, 3.16167e+0, 0.00000e+0, 2.70295e+0, 0.00000e+0, 2.00000e+1, 0.00000e+0, 1.50000e+1, 0.00000e+0, 3, -1, Disabled
06/07/2024 12:48:10.268, 06/07/2024 12:48:10.213, 4.11896e+0, 0.00000e+0, 9.85398e+1, 0.00000e+0, 1.82547e+0, 0.00000e+0, 2.29426e+4, 0.00000e+0, 2.61318e+4, 0.00000e+0, 6.61876e+2, 0.00000e+0, 1.86833e+0, 0.00000e+0, 6.77418e+2, 0.00000e+0, 5.04353e+2, 0.00000e+0, 2.89184e+1, 0.00000e+0, 2.99260e+1, 0.00000e+0, 3.16299e+0, 0.00000e+0, 2.70333e+0, 0.00000e+0, 2.00000e+1, 0.00000e+0, 1.50000e+1, 0.00000e+0, 3, -1, Disabled
06/07/2024 12:48:11.264, 06/07/2024 12:48:11.209, 4.11857e+0, 0.00000e+0, 9.85304e+1, 0.00000e+0, 1.81621e+0, 0.00000e+0, 2.32726e+4, 0.00000e+0, 2.60231e+4, 0.00000e+0, 6.61190e+2, 0.00000e+0, 1.85948e+0, 0.00000e+0, 6.76944e+2, 0.00000e+0, 5.04552e+2, 0.00000e+0, 2.89198e+1, 0.00000e+0, 2.99315e+1, 0.00000e+0, 3.16044e+0, 0.00000e+0, 2.70274e+0, 0.00000e+0, 2.00000e+1, 0.00000e+0, 1.50000e+1, 0.00000e+0, 3, -1, Disabled
06/07/2024 12:48:12.263, 06/07/2024 12:48:12.202, 4.11856e+0, 0.00000e+0, 9.85302e+1, 0.00000e+0, 1.82770e+0, 0.00000e+0, 2.35332e+4, 0.00000e+0, 2.63347e+4, 0.00000e+0, 6.60276e+2, 0.00000e+0, 1.87175e+0, 0.00000e+0, 6.76189e+2, 0.00000e+0, 5.04476e+2, 0.00000e+0, 2.89398e+1, 0.00000e+0, 2.99613e+1, 0.00000e+0, 3.16020e+0, 0.00000e+0, 2.70199e+0, 0.00000e+0, 2.00000e+1, 0.00000e+0, 1.50000e+1, 0.00000e+0, 3, -1, Disabled
06/07/2024 12:48:13.272, 06/07/2024 12:48:13.198, 4.11902e+0, 0.00000e+0, 9.85412e+1, 0.00000e+0, 1.82553e+0, 0.00000e+0, 2.33880e+4, 0.00000e+0, 2.61086e+4, 0.00000e+0, 6.61876e+2, 0.00000e+0, 1.86925e+0, 0.00000e+0, 6.77726e+2, 0.00000e+0, 5.04348e+2, 0.00000e+0, 2.89399e+1, 0.00000e+0, 2.99095e+1, 0.00000e+0, 3.16151e+0, 0.00000e+0, 2.70281e+0, 0.00000e+0, 2.00000e+1, 0.00000e+0, 1.50000e+1, 0.00000e+0, 3, -1, Disabled
06/07/2024 12:48:14.249, 06/07/2024 12:48:14.192, 4.11899e+0, 0.00000e+0, 9.85404e+1, 0.00000e+0, 1.82213e+0, 0.00000e+0, 2.27027e+4, 0.00000e+0, 2.58876e+4, 0.00000e+0, 6.60206e+2, 0.00000e+0, 1.86445e+0, 0.00000e+0, 6.75543e+2, 0.00000e+0, 5.04509e+2, 0.00000e+0, 2.89280e+1, 0.00000e+0, 2.99507e+1, 0.00000e+0, 3.16233e+0, 0.00000e+0, 2.70195e+0, 0.00000e+0, 2.00000e+1, 0.00000e+0, 1.50000e+1, 0.00000e+0, 3, -1, Disabled
06/07/2024 12:48:15.260, 06/07/2024 12:48:15.195, 4.11655e+0, 0.00000e+0, 9.84822e+1, 0.00000e+0, 1.81249e+0, 0.00000e+0, 2.32460e+4, 0.00000e+0, 2.58187e+4, 0.00000e+0, 6.62037e+2, 0.00000e+0, 1.85563e+0, 0.00000e+0, 6.77793e+2, 0.00000e+0, 5.04231e+2, 0.00000e+0, 2.89625e+1, 0.00000e+0, 2.99026e+1, 0.00000e+0, 3.16183e+0, 0.00000e+0, 2.70245e+0, 0.00000e+0, 2.00000e+1, 0.00000e+0, 1.50000e+1, 0.00000e+0, 3, -1, Disabled
