SN:3K60180500001585 BD:Jul 23 2018 VC:834b9c1 MD5:48f99e4865ed8b810be1bb0eaaabf929
SysTime,                      Time,         Batt_v,      Batt_v_sd,   BATT_PERCENT,BATT_PERCENT_sd,      [CH4]_ppm,   [CH4]_ppm_sd,      [H2O]_ppm,   [H2O]_ppm_sd,     [H2Oa]_ppm,  [H2Oa]_ppm_sd,      [CO2]_ppm,   [CO2]_ppm_sd,     [CH4]d_ppm,  [CH4]d_ppm_sd,     [CO2]d_ppm,  [CO2]d_ppm_sd,      GasP_torr,   GasP_torr_sd,         GasT_C,      GasT_C_sd,         AmbT_C,      AmbT_C_sd,         RD0_us,      RD0_us_sd,         RD1_us,      RD1_us_sd, Temp_Status_mA,Temp_Status_mA_sd,Analyzer_Status_mA,Analyzer_Status_mA_sd,       Fit_Flag,      MIU_VALVE,       MIU_DESC
06/17/2024 16:04:59.385, 06/17/2024 16:04:59.326, 4.11669e+0, 0.00000e+0, 9.84854e+1, 0.00000e+0, 1.70230e+0, 0.00000e+0, 1.54342e+4, 0.00000e+0, 1.80206e+4, 0.00000e+0, 3.96457e+2, 0.00000e+0, 1.72899e+0, 0.00000e+0, 4.02672e+2, 0.00000e+0, 5.04183e+2, 0.00000e+0, 3.38831e+1, 0.00000e+0, 3.52859e+1, 0.00000e+0, 2.76463e+0, 0.00000e+0, 2.42974e+0, 0.00000e+0, 2.00000e+1, 0.00000e+0, 1.50000e+1, 0.00000e+0, 2, -1, Disabled
06/17/2024 16:05:00.399, 06/17/2024 16:05:00.320, 4.11695e+0, 0.00000e+0, 9.84917e+1, 0.00000e+0, 1.73505e+0, 0.00000e+0, 1.64291e+4, 0.00000e+0, 1.90442e+4, 0.00000e+0, 3.98654e+2, 0.00000e+0, 1.76403e+0, 0.00000e+0, 4.05313e+2, 0.00000e+0, 5.04090e+2, 0.00000e+0, 3.38863e+1, 0.00000e+0, 3.52389e+1, 0.00000e+0, 2.76419e+0, 0.00000e+0, 2.42970e+0, 0.00000e+0, 2.00000e+1, 0.00000e+0, 1.50000e+1, 0.00000e+0, 2, -1, Disabled
06/17/2024 16:05:01.393, 06/17/2024 16:05:01.322, 4.11623e+0, 0.00000e+0, 9.84744e+1, 0.00000e+0, 1.72156e+0, 0.00000e+0, 1.72227e+4, 0.00000e+0, 1.92263e+4, 0.00000e+0, 3.94336e+2, 0.00000e+0, 1.75173e+0, 0.00000e+0, 4.01246e+2, 0.00000e+0, 5.04081e+2, 0.00000e+0, 3.38811e+1, 0.00000e+0, 3.52807e+1, 0.00000e+0, 2.76324e+0, 0.00000e+0, 2.43005e+0, 0.00000e+0, 2.00000e+1, 0.00000e+0, 1.50000e+1, 0.00000e+0, 2, -1, Disabled
06/17/2024 16:05:02.394, 06/17/2024 16:05:02.318, 4.11715e+0, 0.00000e+0, 9.84965e+1, 0.00000e+0, 1.73120e+0, 0.00000e+0, 1.64974e+4, 0.00000e+0, 1.89487e+4, 0.00000e+0, 3.96490e+2, 0.00000e+0, 1.76023e+0, 0.00000e+0, 4.03141e+2, 0.00000e+0, 5.04166e+2, 0.00000e+0, 3.38813e+1, 0.00000e+0, 3.52568e+1, 0.00000e+0, 2.76491e+0, 0.00000e+0, 2.42923e+0, 0.00000e+0, 2.00000e+1, 0.00000e+0, 1.50000e+1, 0.00000e+0, 2, -1, Disabled
06/17/2024 16:05:03.395, 06/17/2024 16:05:03.311, 4.11678e+0, 0.00000e+0, 9.84877e+1, 0.00000e+0, 1.72690e+0, 0.00000e+0, 1.62243e+4, 0.00000e+0, 1.91911e+4, 0.00000e+0, 3.97345e+2, 0.00000e+0, 1.75538e+0, 0.00000e+0, 4.03898e+2, 0.00000e+0, 5.04081e+2, 0.00000e+0, 3.38894e+1, 0.00000e+0, 3.52876e+1, 0.00000e+0, 2.76355e+0, 0.00000e+0, 2.42891e+0, 0.00000e+0, 2.00000e+1, 0.00000e+0, 1.50000e+1, 0.00000e+0, 2, -1, Disabled
06/17/2024 16:05:04.364, 06/17/2024 16:05:04.306, 4.11723e+0, 0.00000e+0, 9.84984e+1, 0.00000e+0, 1.73462e+0, 0.00000e+0, 1.72259e+4, 0.00000e+0, 1.93931e+4, 0.00000e+0, 3.98667e+2, 0.00000e+0, 1.76502e+0, 0.00000e+0, 4.05654e+2, 0.00000e+0, 5.04137e+2, 0.00000e+0, 3.38809e+1, 0.00000e+0, 3.52547e+1, 0.00000e+0, 2.76306e+0, 0.00000e+0, 2.42799e+0, 0.00000e+0, 2.00000e+1, 0.00000e+0, 1.50000e+1, 0.00000e+0, 2, -1, Disabled
06/17/2024 16:05:05.360, 06/17/2024 16:05:05.300, 4.11708e+0, 0.00000e+0, 9.84948e+1, 0.00000e+0, 1.72791e+0, 0.00000e+0, 1.67545e+4, 0.00000e+0, 1.90715e+4, 0.00000e+0, 4.00823e+2, 0.00000e+0, 1.75736e+0, 0.00000e+0, 4.07653e+2, 0.00000e+0, 5.04023e+2, 0.00000e+0, 3.38809e+1, 0.00000e+0, 3.52594e+1, 0.00000e+0, 2.76307e+0, 0.00000e+0, 2.42857e+0, 0.00000e+0, 2.00000e+1, 0.00000e+0, 1.50000e+1, 0.00000e+0, 2, -1, Disabled
06/17/2024 16:05:06.347, 06/17/2024 16:05:06.294, 4.11585e+0, 0.00000e+0, 9.84653e+1, 0.00000e+0, 1.72094e+0, 0.00000e+0, 1.62028e+4, 0.00000e+0, 1.92122e+4, 0.00000e+0, 3.94153e+2, 0.00000e+0, 1.74928e+0, 0.00000e+0, 4.00644e+2, 0.00000e+0, 5.04106e+2, 0.00000e+0, 3.38800e+1, 0.00000e+0, 3.52617e+1, 0.00000e+0, 2.76358e+0, 0.00000e+0, 2.42724e+0, 0.00000e+0, 2.00000e+1, 0.00000e+0, 1.50000e+1, 0.00000e+0, 2, -1, Disabled
06/17/2024 16:05:07.369, 06/17/2024 16:05:07.289, 4.11674e+0, 0.00000e+0, 9.84866e+1, 0.00000e+0, 1.70981e+0, 0.00000e+0, 1.71837e+4, 0.00000e+0, 1.96955e+4, 0.00000e+0, 3.97176e+2, 0.00000e+0, 1.73971e+0, 0.00000e+0, 4.04120e+2, 0.00000e+0, 5.04074e+2, 0.00000e+0, 3.38806e+1, 0.00000e+0, 3.52561e+1, 0.00000e+0, 2.76265e+0, 0.00000e+0, 2.42747e+0, 0.00000e+0, 2.00000e+1, 0.00000e+0, 1.50000e+1, 0.00000e+0, 2, -1, Disabled
06/17/2024 16:05:08.359, 06/17/2024 16:05:08.284, 4.11730e+0, 0.00000e+0, 9.84999e+1, 0.00000e+0, 1.73112e+0, 0.00000e+0, 1.63177e+4, 0.00000e+0, 1.91417e+4, 0.00000e+0, 3.96159e+2, 0.00000e+0, 1.75984e+0, 0.00000e+0, 4.02731e+2, 0.00000e+0, 5.04164e+2, 0.00000e+0, 3.38793e+1, 0.00000e+0, 3.52794e+1, 0.00000e+0, 2.76371e+0, 0.00000e+0, 2.42807e+0, 0.00000e+0, 2.00000e+1, 0.00000e+0, 1.50000e+1, 0.00000e+0, 2, -1, Disabled
06/17/2024 16:05:09.336, 06/17/2024 16:05:09.280, 4.11746e+0, 0.00000e+0, 9.85037e+1, 0.00000e+0, 1.71610e+0, 0.00000e+0, 1.80427e+4, 0.00000e+0, 2.00461e+4, 0.00000e+0, 3.99073e+2, 0.00000e+0, 1.74763e+0, 0.00000e+0, 4.06405e+2, 0.00000e+0, 5.04052e+2, 0.00000e+0, 3.38774e+1, 0.00000e+0, 3.52467e+1, 0.00000e+0, 2.76420e+0, 0.00000e+0, 2.42682e+0, 0.00000e+0, 2.00000e+1, 0.00000e+0, 1.50000e+1, 0.00000e+0, 2, -1, Disabled
06/17/2024 16:05:10.366, 06/17/2024 16:05:10.273, 4.11661e+0, 0.00000e+0, 9.84836e+1, 0.00000e+0, 1.72334e+0, 0.00000e+0, 1.60261e+4, 0.00000e+0, 1.85652e+4, 0.00000e+0, 3.96712e+2, 0.00000e+0, 1.75141e+0, 0.00000e+0, 4.03174e+2, 0.00000e+0, 5.04213e+2, 0.00000e+0, 3.38728e+1, 0.00000e+0, 3.52974e+1, 0.00000e+0, 2.76437e+0, 0.00000e+0, 2.42666e+0, 0.00000e+0, 2.00000e+1, 0.00000e+0, 1.50000e+1, 0.00000e+0, 3, -1, Disabled
06/17/2024 16:05:11.342, 06/17/2024 16:05:11.267, 4.11721e+0, 0.00000e+0, 9.84978e+1, 0.00000e+0, 1.70588e+0, 0.00000e+0, 1.73754e+4, 0.00000e+0, 1.89799e+4, 0.00000e+0, 3.97461e+2, 0.00000e+0, 1.73605e+0, 0.00000e+0, 4.04490e+2, 0.00000e+0, 5.04070e+2, 0.00000e+0, 3.38775e+1, 0.00000e+0, 3.52676e+1, 0.00000e+0, 2.76247e+0, 0.00000e+0, 2.42714e+0, 0.00000e+0, 2.00000e+1, 0.00000e+0, 1.50000e+1, 0.00000e+0, 3, -1, Disabled
06/17/2024 16:05:12.337, 06/17/2024 16:05:12.263, 4.11696e+0, 0.00000e+0, 9.84919e+1, 0.00000e+0, 1.71595e+0, 0.00000e+0, 1.65837e+4, 0.00000e+0, 1.90569e+4, 0.00000e+0, 3.95972e+2, 0.00000e+0, 1.74489e+0, 0.00000e+0, 4.02650e+2, 0.00000e+0, 5.04179e+2, 0.00000e+0, 3.38752e+1, 0.00000e+0, 3.53166e+1, 0.00000e+0, 2.76228e+0, 0.00000e+0, 2.42652e+0, 0.00000e+0, 2.00000e+1, 0.00000e+0, 1.50000e+1, 0.00000e+0, 3, -1, Disabled
06/17/2024 16:05:13.349, 06/17/2024 16:05:13.257, 4.11704e+0, 0.00000e+0, 9.84938e+1, 0.00000e+0, 1.73741e+0, 0.00000e+0, 1.69824e+4, 0.00000e+0, 1.89718e+4, 0.00000e+0, 3.95336e+2, 0.00000e+0, 1.76743e+0, 0.00000e+0, 4.02166e+2, 0.00000e+0, 5.04162e+2, 0.00000e+0, 3.38804e+1, 0.00000e+0, 3.52770e+1, 0.00000e+0, 2.76253e+0, 0.00000e+0, 2.42712e+0, 0.00000e+0, 2.00000e+1, 0.00000e+0, 1.50000e+1, 0.00000e+0, 3, -1, Disabled
06/17/2024 16:05:14.336, 06/17/2024 16:05:14.251, 4.11659e+0, 0.00000e+0, 9.84830e+1, 0.00000e+0, 1.72858e+0, 0.00000e+0, 1.68171e+4, 0.00000e+0, 1.90830e+4, 0.00000e+0, 3.99316e+2, 0.00000e+0, 1.75815e+0, 0.00000e+0, 4.06147e+2, 0.00000e+0, 5.04145e+2, 0.00000e+0, 3.38749e+1, 0.00000e+0, 3.53296e+1, 0.00000e+0, 2.76357e+0, 0.00000e+0, 2.42746e+0, 0.00000e+0, 2.00000e+1, 0.00000e+0, 1.50000e+1, 0.00000e+0, 3, -1, Disabled
06/17/2024 16:05:15.323, 06/17/2024 16:05:15.246, 4.11722e+0, 0.00000e+0, 9.84982e+1, 0.00000e+0, 1.70753e+0, 0.00000e+0, 1.78567e+4, 0.00000e+0, 1.96410e+4, 0.00000e+0, 3.94500e+2, 0.00000e+0, 1.73858e+0, 0.00000e+0, 4.01672e+2, 0.00000e+0, 5.04198e+2, 0.00000e+0, 3.38671e+1, 0.00000e+0, 3.52980e+1, 0.00000e+0, 2.76029e+0, 0.00000e+0, 2.42648e+0, 0.00000e+0, 2.00000e+1, 0.00000e+0, 1.50000e+1, 0.00000e+0, 3, -1, Disabled
06/17/2024 16:05:16.320, 06/17/2024 16:05:16.241, 4.11705e+0, 0.00000e+0, 9.84940e+1, 0.00000e+0, 1.71812e+0, 0.00000e+0, 1.79767e+4, 0.00000e+0, 1.96549e+4, 0.00000e+0, 3.96922e+2, 0.00000e+0, 1.74957e+0, 0.00000e+0, 4.04188e+2, 0.00000e+0, 5.04030e+2, 0.00000e+0, 3.38784e+1, 0.00000e+0, 3.52949e+1, 0.00000e+0, 2.76229e+0, 0.00000e+0, 2.42725e+0, 0.00000e+0, 2.00000e+1, 0.00000e+0, 1.50000e+1, 0.00000e+0, 3, -1, Disabled
06/17/2024 16:05:17.313, 06/17/2024 16:05:17.234, 4.11705e+0, 0.00000e+0, 9.84939e+1, 0.00000e+0, 1.72976e+0, 0.00000e+0, 1.82403e+4, 0.00000e+0, 1.94789e+4, 0.00000e+0, 3.94532e+2, 0.00000e+0, 1.76190e+0, 0.00000e+0, 4.01862e+2, 0.00000e+0, 5.04228e+2, 0.00000e+0, 3.38715e+1, 0.00000e+0, 3.53018e+1, 0.00000e+0, 2.76346e+0, 0.00000e+0, 2.42744e+0, 0.00000e+0, 2.00000e+1, 0.00000e+0, 1.50000e+1, 0.00000e+0, 3, -1, Disabled
06/17/2024 16:05:18.308, 06/17/2024 16:05:18.230, 4.11693e+0, 0.00000e+0, 9.84911e+1, 0.00000e+0, 1.71490e+0, 0.00000e+0, 1.73316e+4, 0.00000e+0, 1.93320e+4, 0.00000e+0, 3.95839e+2, 0.00000e+0, 1.74514e+0, 0.00000e+0, 4.02821e+2, 0.00000e+0, 5.04049e+2, 0.00000e+0, 3.38680e+1, 0.00000e+0, 3.52732e+1, 0.00000e+0, 2.76236e+0, 0.00000e+0, 2.42721e+0, 0.00000e+0, 2.00000e+1, 0.00000e+0, 1.50000e+1, 0.00000e+0, 3, -1, Disabled
06/17/2024 16:05:19.300, 06/17/2024 16:05:19.225, 4.11670e+0, 0.00000e+0, 9.84856e+1, 0.00000e+0, 1.70299e+0, 0.00000e+0, 1.80652e+4, 0.00000e+0, 1.95797e+4, 0.00000e+0, 3.94706e+2, 0.00000e+0, 1.73433e+0, 0.00000e+0, 4.01968e+2, 0.00000e+0, 5.04214e+2, 0.00000e+0, 3.38707e+1, 0.00000e+0, 3.53067e+1, 0.00000e+0, 2.76360e+0, 0.00000e+0, 2.42696e+0, 0.00000e+0, 2.00000e+1, 0.00000e+0, 1.50000e+1, 0.00000e+0, 3, -1, Disabled
06/17/2024 16:05:20.300, 06/17/2024 16:05:20.218, 4.11709e+0, 0.00000e+0, 9.84951e+1, 0.00000e+0, 1.71140e+0, 0.00000e+0, 1.74276e+4, 0.00000e+0, 1.96029e+4, 0.00000e+0, 3.93735e+2, 0.00000e+0, 1.74176e+0, 0.00000e+0, 4.00719e+2, 0.00000e+0, 5.04069e+2, 0.00000e+0, 3.38739e+1, 0.00000e+0, 3.52622e+1, 0.00000e+0, 2.76443e+0, 0.00000e+0, 2.42686e+0, 0.00000e+0, 2.00000e+1, 0.00000e+0, 1.50000e+1, 0.00000e+0, 3, -1, Disabled
06/17/2024 16:05:21.296, 06/17/2024 16:05:21.213, 4.11694e+0, 0.00000e+0, 9.84914e+1, 0.00000e+0, 1.71520e+0, 0.00000e+0, 1.76771e+4, 0.00000e+0, 1.93436e+4, 0.00000e+0, 3.93972e+2, 0.00000e+0, 1.74607e+0, 0.00000e+0, 4.01061e+2, 0.00000e+0, 5.04182e+2, 0.00000e+0, 3.38688e+1, 0.00000e+0, 3.53224e+1, 0.00000e+0, 2.76467e+0, 0.00000e+0, 2.42736e+0, 0.00000e+0, 2.00000e+1, 0.00000e+0, 1.50000e+1, 0.00000e+0, 3, -1, Disabled
06/17/2024 16:05:22.283, 06/17/2024 16:05:22.207, 4.11723e+0, 0.00000e+0, 9.84983e+1, 0.00000e+0, 1.71628e+0, 0.00000e+0, 1.80178e+4, 0.00000e+0, 1.94519e+4, 0.00000e+0, 3.93552e+2, 0.00000e+0, 1.74777e+0, 0.00000e+0, 4.00773e+2, 0.00000e+0, 5.04103e+2, 0.00000e+0, 3.38709e+1, 0.00000e+0, 3.52762e+1, 0.00000e+0, 2.76404e+0, 0.00000e+0, 2.42773e+0, 0.00000e+0, 2.00000e+1, 0.00000e+0, 1.50000e+1, 0.00000e+0, 3, -1, Disabled
06/17/2024 16:05:23.281, 06/17/2024 16:05:23.203, 4.11692e+0, 0.00000e+0, 9.84909e+1, 0.00000e+0, 1.71839e+0, 0.00000e+0, 1.72209e+4, 0.00000e+0, 1.94339e+4, 0.00000e+0, 3.94710e+2, 0.00000e+0, 1.74850e+0, 0.00000e+0, 4.01627e+2, 0.00000e+0, 5.04093e+2, 0.00000e+0, 3.38766e+1, 0.00000e+0, 3.53121e+1, 0.00000e+0, 2.76495e+0, 0.00000e+0, 2.42668e+0, 0.00000e+0, 2.00000e+1, 0.00000e+0, 1.50000e+1, 0.00000e+0, 3, -1, Disabled
06/17/2024 16:05:24.277, 06/17/2024 16:05:24.196, 4.11691e+0, 0.00000e+0, 9.84907e+1, 0.00000e+0, 1.70225e+0, 0.00000e+0, 1.66436e+4, 0.00000e+0, 1.87249e+4, 0.00000e+0, 4.00179e+2, 0.00000e+0, 1.73106e+0, 0.00000e+0, 4.06952e+2, 0.00000e+0, 5.04136e+2, 0.00000e+0, 3.38764e+1, 0.00000e+0, 3.52734e+1, 0.00000e+0, 2.76430e+0, 0.00000e+0, 2.42767e+0, 0.00000e+0, 2.00000e+1, 0.00000e+0, 1.50000e+1, 0.00000e+0, 3, -1, Disabled
06/17/2024 16:05:25.272, 06/17/2024 16:05:25.191, 4.11657e+0, 0.00000e+0, 9.84826e+1, 0.00000e+0, 1.72246e+0, 0.00000e+0, 1.74812e+4, 0.00000e+0, 1.95891e+4, 0.00000e+0, 3.95408e+2, 0.00000e+0, 1.75311e+0, 0.00000e+0, 4.02443e+2, 0.00000e+0, 5.04040e+2, 0.00000e+0, 3.38731e+1, 0.00000e+0, 3.53225e+1, 0.00000e+0, 2.76272e+0, 0.00000e+0, 2.42684e+0, 0.00000e+0, 2.00000e+1, 0.00000e+0, 1.50000e+1, 0.00000e+0, 3, -1, Disabled
06/17/2024 16:05:26.261, 06/17/2024 16:05:26.186, 4.11732e+0, 0.00000e+0, 9.85005e+1, 0.00000e+0, 1.71522e+0, 0.00000e+0, 1.73062e+4, 0.00000e+0, 1.91630e+4, 0.00000e+0, 3.97240e+2, 0.00000e+0, 1.74542e+0, 0.00000e+0, 4.04236e+2, 0.00000e+0, 5.04134e+2, 0.00000e+0, 3.38633e+1, 0.00000e+0, 3.52974e+1, 0.00000e+0, 2.76549e+0, 0.00000e+0, 2.42720e+0, 0.00000e+0, 2.00000e+1, 0.00000e+0, 1.50000e+1, 0.00000e+0, 3, -1, Disabled
06/17/2024 16:05:27.243, 06/17/2024 16:05:27.180, 4.11721e+0, 0.00000e+0, 9.84978e+1, 0.00000e+0, 1.71397e+0, 0.00000e+0, 1.77930e+4, 0.00000e+0, 1.96571e+4, 0.00000e+0, 4.01026e+2, 0.00000e+0, 1.74502e+0, 0.00000e+0, 4.08291e+2, 0.00000e+0, 5.04011e+2, 0.00000e+0, 3.38685e+1, 0.00000e+0, 3.53008e+1, 0.00000e+0, 2.76373e+0, 0.00000e+0, 2.42731e+0, 0.00000e+0, 2.00000e+1, 0.00000e+0, 1.50000e+1, 0.00000e+0, 3, -1, Disabled
06/17/2024 16:05:28.231, 06/17/2024 16:05:28.174, 4.11693e+0, 0.00000e+0, 9.84911e+1, 0.00000e+0, 1.70955e+0, 0.00000e+0, 1.84488e+4, 0.00000e+0, 1.93184e+4, 0.00000e+0, 3.95047e+2, 0.00000e+0, 1.74168e+0, 0.00000e+0, 4.02472e+2, 0.00000e+0, 5.04200e+2, 0.00000e+0, 3.38603e+1, 0.00000e+0, 3.53310e+1, 0.00000e+0, 2.76363e+0, 0.00000e+0, 2.42759e+0, 0.00000e+0, 2.00000e+1, 0.00000e+0, 1.50000e+1, 0.00000e+0, 3, -1, Disabled
06/17/2024 16:05:29.249, 06/17/2024 16:05:29.169, 4.11760e+0, 0.00000e+0, 9.85072e+1, 0.00000e+0, 1.70217e+0, 0.00000e+0, 1.74740e+4, 0.00000e+0, 1.94008e+4, 0.00000e+0, 3.98969e+2, 0.00000e+0, 1.73244e+0, 0.00000e+0, 4.06065e+2, 0.00000e+0, 5.04029e+2, 0.00000e+0, 3.38486e+1, 0.00000e+0, 3.52856e+1, 0.00000e+0, 2.76530e+0, 0.00000e+0, 2.42701e+0, 0.00000e+0, 2.00000e+1, 0.00000e+0, 1.50000e+1, 0.00000e+0, 3, -1, Disabled
06/17/2024 16:05:30.246, 06/17/2024 16:05:30.171, 4.11652e+0, 0.00000e+0, 9.84813e+1, 0.00000e+0, 1.70596e+0, 0.00000e+0, 1.71236e+4, 0.00000e+0, 1.91446e+4, 0.00000e+0, 3.93666e+2, 0.00000e+0, 1.73568e+0, 0.00000e+0, 4.00524e+2, 0.00000e+0, 5.04089e+2, 0.00000e+0, 3.38427e+1, 0.00000e+0, 3.53481e+1, 0.00000e+0, 2.76372e+0, 0.00000e+0, 2.42785e+0, 0.00000e+0, 2.00000e+1, 0.00000e+0, 1.50000e+1, 0.00000e+0, 3, -1, Disabled
06/17/2024 16:05:31.224, 06/17/2024 16:05:31.165, 4.11741e+0, 0.00000e+0, 9.85026e+1, 0.00000e+0, 1.71282e+0, 0.00000e+0, 1.73532e+4, 0.00000e+0, 1.90506e+4, 0.00000e+0, 3.95808e+2, 0.00000e+0, 1.74306e+0, 0.00000e+0, 4.02798e+2, 0.00000e+0, 5.04064e+2, 0.00000e+0, 3.38458e+1, 0.00000e+0, 3.52962e+1, 0.00000e+0, 2.76519e+0, 0.00000e+0, 2.42733e+0, 0.00000e+0, 2.00000e+1, 0.00000e+0, 1.50000e+1, 0.00000e+0, 3, -1, Disabled
06/17/2024 16:05:32.246, 06/17/2024 16:05:32.159, 4.11708e+0, 0.00000e+0, 9.84946e+1, 0.00000e+0, 1.71455e+0, 0.00000e+0, 1.76233e+4, 0.00000e+0, 1.97440e+4, 0.00000e+0, 3.95704e+2, 0.00000e+0, 1.74530e+0, 0.00000e+0, 4.02802e+2, 0.00000e+0, 5.04128e+2, 0.00000e+0, 3.38482e+1, 0.00000e+0, 3.53460e+1, 0.00000e+0, 2.76413e+0, 0.00000e+0, 2.42758e+0, 0.00000e+0, 2.00000e+1, 0.00000e+0, 1.50000e+1, 0.00000e+0, 3, -1, Disabled
06/17/2024 16:05:33.237, 06/17/2024 16:05:33.154, 4.11699e+0, 0.00000e+0, 9.84925e+1, 0.00000e+0, 1.70163e+0, 0.00000e+0, 1.77828e+4, 0.00000e+0, 1.94079e+4, 0.00000e+0, 3.97233e+2, 0.00000e+0, 1.73244e+0, 0.00000e+0, 4.04424e+2, 0.00000e+0, 5.04049e+2, 0.00000e+0, 3.38465e+1, 0.00000e+0, 3.53035e+1, 0.00000e+0, 2.76406e+0, 0.00000e+0, 2.42765e+0, 0.00000e+0, 2.00000e+1, 0.00000e+0, 1.50000e+1, 0.00000e+0, 3, -1, Disabled
06/17/2024 16:05:34.238, 06/17/2024 16:05:34.149, 4.11658e+0, 0.00000e+0, 9.84828e+1, 0.00000e+0, 1.70025e+0, 0.00000e+0, 1.82415e+4, 0.00000e+0, 2.00682e+4, 0.00000e+0, 3.93798e+2, 0.00000e+0, 1.73184e+0, 0.00000e+0, 4.01115e+2, 0.00000e+0, 5.04028e+2, 0.00000e+0, 3.38428e+1, 0.00000e+0, 3.53289e+1, 0.00000e+0, 2.76374e+0, 0.00000e+0, 2.42758e+0, 0.00000e+0, 2.00000e+1, 0.00000e+0, 1.50000e+1, 0.00000e+0, 3, -1, Disabled
06/17/2024 16:05:35.224, 06/17/2024 16:05:35.143, 4.11508e+0, 0.00000e+0, 9.84469e+1, 0.00000e+0, 1.71467e+0, 0.00000e+0, 1.73652e+4, 0.00000e+0, 1.94794e+4, 0.00000e+0, 3.98176e+2, 0.00000e+0, 1.74497e+0, 0.00000e+0, 4.05212e+2, 0.00000e+0, 5.04044e+2, 0.00000e+0, 3.38495e+1, 0.00000e+0, 3.52987e+1, 0.00000e+0, 2.76352e+0, 0.00000e+0, 2.42847e+0, 0.00000e+0, 2.00000e+1, 0.00000e+0, 1.50000e+1, 0.00000e+0, 3, -1, Disabled
06/17/2024 16:05:36.213, 06/17/2024 16:05:36.138, 4.11560e+0, 0.00000e+0, 9.84594e+1, 0.00000e+0, 1.70793e+0, 0.00000e+0, 1.72707e+4, 0.00000e+0, 1.96640e+4, 0.00000e+0, 3.99481e+2, 0.00000e+0, 1.73794e+0, 0.00000e+0, 4.06502e+2, 0.00000e+0, 5.04013e+2, 0.00000e+0, 3.38371e+1, 0.00000e+0, 3.53221e+1, 0.00000e+0, 2.76601e+0, 0.00000e+0, 2.42809e+0, 0.00000e+0, 2.00000e+1, 0.00000e+0, 1.50000e+1, 0.00000e+0, 3, -1, Disabled
06/17/2024 16:05:37.209, 06/17/2024 16:05:37.133, 4.11668e+0, 0.00000e+0, 9.84851e+1, 0.00000e+0, 1.70008e+0, 0.00000e+0, 1.69337e+4, 0.00000e+0, 1.93791e+4, 0.00000e+0, 3.99838e+2, 0.00000e+0, 1.72936e+0, 0.00000e+0, 4.06725e+2, 0.00000e+0, 5.04134e+2, 0.00000e+0, 3.38366e+1, 0.00000e+0, 3.53616e+1, 0.00000e+0, 2.76489e+0, 0.00000e+0, 2.42724e+0, 0.00000e+0, 2.00000e+1, 0.00000e+0, 1.50000e+1, 0.00000e+0, 3, -1, Disabled
06/17/2024 16:05:38.184, 06/17/2024 16:05:38.127, 4.11682e+0, 0.00000e+0, 9.84885e+1, 0.00000e+0, 1.71594e+0, 0.00000e+0, 1.81666e+4, 0.00000e+0, 1.95535e+4, 0.00000e+0, 3.99173e+2, 0.00000e+0, 1.74769e+0, 0.00000e+0, 4.06558e+2, 0.00000e+0, 5.03981e+2, 0.00000e+0, 3.38416e+1, 0.00000e+0, 3.53194e+1, 0.00000e+0, 2.76664e+0, 0.00000e+0, 2.42754e+0, 0.00000e+0, 2.00000e+1, 0.00000e+0, 1.50000e+1, 0.00000e+0, 3, -1, Disabled
06/17/2024 16:05:39.201, 06/17/2024 16:05:39.122, 4.11651e+0, 0.00000e+0, 9.84810e+1, 0.00000e+0, 1.71075e+0, 0.00000e+0, 1.75572e+4, 0.00000e+0, 1.90533e+4, 0.00000e+0, 3.95435e+2, 0.00000e+0, 1.74133e+0, 0.00000e+0, 4.02502e+2, 0.00000e+0, 5.04139e+2, 0.00000e+0, 3.38332e+1, 0.00000e+0, 3.53653e+1, 0.00000e+0, 2.76607e+0, 0.00000e+0, 2.42795e+0, 0.00000e+0, 2.00000e+1, 0.00000e+0, 1.50000e+1, 0.00000e+0, 3, -1, Disabled
06/17/2024 16:05:40.196, 06/17/2024 16:05:40.116, 4.11651e+0, 0.00000e+0, 9.84811e+1, 0.00000e+0, 1.70569e+0, 0.00000e+0, 1.78678e+4, 0.00000e+0, 1.87723e+4, 0.00000e+0, 3.98607e+2, 0.00000e+0, 1.73672e+0, 0.00000e+0, 4.05859e+2, 0.00000e+0, 5.04000e+2, 0.00000e+0, 3.38314e+1, 0.00000e+0, 3.53207e+1, 0.00000e+0, 2.76693e+0, 0.00000e+0, 2.42813e+0, 0.00000e+0, 2.00000e+1, 0.00000e+0, 1.50000e+1, 0.00000e+0, 3, -1, Disabled
06/17/2024 16:05:41.195, 06/17/2024 16:05:41.110, 4.11583e+0, 0.00000e+0, 9.84647e+1, 0.00000e+0, 1.72326e+0, 0.00000e+0, 1.90045e+4, 0.00000e+0, 2.01633e+4, 0.00000e+0, 3.92784e+2, 0.00000e+0, 1.75664e+0, 0.00000e+0, 4.00393e+2, 0.00000e+0, 5.04021e+2, 0.00000e+0, 3.38310e+1, 0.00000e+0, 3.53454e+1, 0.00000e+0, 2.76821e+0, 0.00000e+0, 2.42926e+0, 0.00000e+0, 2.00000e+1, 0.00000e+0, 1.50000e+1, 0.00000e+0, 3, -1, Disabled
06/17/2024 16:05:42.187, 06/17/2024 16:05:42.105, 4.11665e+0, 0.00000e+0, 9.84845e+1, 0.00000e+0, 1.70789e+0, 0.00000e+0, 1.85116e+4, 0.00000e+0, 1.96066e+4, 0.00000e+0, 3.97849e+2, 0.00000e+0, 1.74010e+0, 0.00000e+0, 4.05353e+2, 0.00000e+0, 5.04162e+2, 0.00000e+0, 3.38296e+1, 0.00000e+0, 3.53221e+1, 0.00000e+0, 2.76805e+0, 0.00000e+0, 2.42849e+0, 0.00000e+0, 2.00000e+1, 0.00000e+0, 1.50000e+1, 0.00000e+0, 3, -1, Disabled
06/17/2024 16:05:43.177, 06/17/2024 16:05:43.100, 4.11655e+0, 0.00000e+0, 9.84821e+1, 0.00000e+0, 1.72043e+0, 0.00000e+0, 1.80315e+4, 0.00000e+0, 1.96050e+4, 0.00000e+0, 3.98090e+2, 0.00000e+0, 1.75202e+0, 0.00000e+0, 4.05400e+2, 0.00000e+0, 5.04026e+2, 0.00000e+0, 3.38281e+1, 0.00000e+0, 3.53372e+1, 0.00000e+0, 2.76831e+0, 0.00000e+0, 2.42959e+0, 0.00000e+0, 2.00000e+1, 0.00000e+0, 1.50000e+1, 0.00000e+0, 3, -1, Disabled
06/17/2024 16:05:44.167, 06/17/2024 16:05:44.094, 4.11628e+0, 0.00000e+0, 9.84757e+1, 0.00000e+0, 1.70371e+0, 0.00000e+0, 1.78186e+4, 0.00000e+0, 1.88182e+4, 0.00000e+0, 3.94876e+2, 0.00000e+0, 1.73462e+0, 0.00000e+0, 4.02039e+2, 0.00000e+0, 5.04086e+2, 0.00000e+0, 3.38274e+1, 0.00000e+0, 3.53757e+1, 0.00000e+0, 2.76804e+0, 0.00000e+0, 2.42902e+0, 0.00000e+0, 2.00000e+1, 0.00000e+0, 1.50000e+1, 0.00000e+0, 3, -1, Disabled
06/17/2024 16:05:45.169, 06/17/2024 16:05:45.089, 4.11678e+0, 0.00000e+0, 9.84875e+1, 0.00000e+0, 1.72414e+0, 0.00000e+0, 1.70485e+4, 0.00000e+0, 1.88845e+4, 0.00000e+0, 3.98711e+2, 0.00000e+0, 1.75404e+0, 0.00000e+0, 4.05627e+2, 0.00000e+0, 5.04054e+2, 0.00000e+0, 3.38259e+1, 0.00000e+0, 3.53346e+1, 0.00000e+0, 2.76702e+0, 0.00000e+0, 2.42942e+0, 0.00000e+0, 2.00000e+1, 0.00000e+0, 1.50000e+1, 0.00000e+0, 3, -1, Disabled
06/17/2024 16:05:46.139, 06/17/2024 16:05:46.083, 4.11674e+0, 0.00000e+0, 9.84866e+1, 0.00000e+0, 1.71098e+0, 0.00000e+0, 1.78885e+4, 0.00000e+0, 1.94737e+4, 0.00000e+0, 3.99853e+2, 0.00000e+0, 1.74214e+0, 0.00000e+0, 4.07136e+2, 0.00000e+0, 5.04111e+2, 0.00000e+0, 3.38255e+1, 0.00000e+0, 3.53835e+1, 0.00000e+0, 2.76777e+0, 0.00000e+0, 2.42964e+0, 0.00000e+0, 2.00000e+1, 0.00000e+0, 1.50000e+1, 0.00000e+0, 3, -1, Disabled
06/17/2024 16:05:47.157, 06/17/2024 16:05:47.078, 4.11696e+0, 0.00000e+0, 9.84920e+1, 0.00000e+0, 1.71352e+0, 0.00000e+0, 1.72972e+4, 0.00000e+0, 1.89900e+4, 0.00000e+0, 3.98032e+2, 0.00000e+0, 1.74368e+0, 0.00000e+0, 4.05038e+2, 0.00000e+0, 5.04053e+2, 0.00000e+0, 3.38243e+1, 0.00000e+0, 3.53486e+1, 0.00000e+0, 2.76707e+0, 0.00000e+0, 2.42977e+0, 0.00000e+0, 2.00000e+1, 0.00000e+0, 1.50000e+1, 0.00000e+0, 3, -1, Disabled
06/17/2024 16:05:48.144, 06/17/2024 16:05:48.072, 4.11602e+0, 0.00000e+0, 9.84693e+1, 0.00000e+0, 1.72321e+0, 0.00000e+0, 1.70975e+4, 0.00000e+0, 1.88098e+4, 0.00000e+0, 4.02972e+2, 0.00000e+0, 1.75318e+0, 0.00000e+0, 4.09982e+2, 0.00000e+0, 5.04005e+2, 0.00000e+0, 3.38227e+1, 0.00000e+0, 3.53613e+1, 0.00000e+0, 2.76783e+0, 0.00000e+0, 2.42981e+0, 0.00000e+0, 2.00000e+1, 0.00000e+0, 1.50000e+1, 0.00000e+0, 3, -1, Disabled
06/17/2024 16:05:49.121, 06/17/2024 16:05:49.068, 4.11561e+0, 0.00000e+0, 9.84596e+1, 0.00000e+0, 1.70644e+0, 0.00000e+0, 1.83977e+4, 0.00000e+0, 1.91410e+4, 0.00000e+0, 3.97659e+2, 0.00000e+0, 1.73842e+0, 0.00000e+0, 4.05112e+2, 0.00000e+0, 5.04224e+2, 0.00000e+0, 3.38203e+1, 0.00000e+0, 3.53580e+1, 0.00000e+0, 2.76737e+0, 0.00000e+0, 2.42946e+0, 0.00000e+0, 2.00000e+1, 0.00000e+0, 1.50000e+1, 0.00000e+0, 3, -1, Disabled
06/17/2024 16:05:50.143, 06/17/2024 16:05:50.062, 4.11683e+0, 0.00000e+0, 9.84887e+1, 0.00000e+0, 1.71170e+0, 0.00000e+0, 1.76150e+4, 0.00000e+0, 1.86216e+4, 0.00000e+0, 4.02572e+2, 0.00000e+0, 1.74240e+0, 0.00000e+0, 4.09790e+2, 0.00000e+0, 5.03989e+2, 0.00000e+0, 3.38201e+1, 0.00000e+0, 3.53550e+1, 0.00000e+0, 2.76943e+0, 0.00000e+0, 2.42943e+0, 0.00000e+0, 2.00000e+1, 0.00000e+0, 7.00000e+0, 0.00000e+0, 3, -1, Disabled
06/17/2024 16:05:51.145, 06/17/2024 16:05:51.056, 4.11663e+0, 0.00000e+0, 9.84839e+1, 0.00000e+0, 1.69095e+0, 0.00000e+0, 1.80454e+4, 0.00000e+0, 1.94488e+4, 0.00000e+0, 3.95604e+2, 0.00000e+0, 1.72203e+0, 0.00000e+0, 4.02874e+2, 0.00000e+0, 5.04131e+2, 0.00000e+0, 3.38192e+1, 0.00000e+0, 3.53911e+1, 0.00000e+0, 2.76704e+0, 0.00000e+0, 2.42995e+0, 0.00000e+0, 2.00000e+1, 0.00000e+0, 7.00000e+0, 0.00000e+0, 3, -1, Disabled
06/17/2024 16:05:52.137, 06/17/2024 16:05:52.050, 4.11684e+0, 0.00000e+0, 9.84889e+1, 0.00000e+0, 1.71271e+0, 0.00000e+0, 1.74247e+4, 0.00000e+0, 1.85552e+4, 0.00000e+0, 3.98795e+2, 0.00000e+0, 1.74308e+0, 0.00000e+0, 4.05867e+2, 0.00000e+0, 5.04111e+2, 0.00000e+0, 3.38180e+1, 0.00000e+0, 3.53613e+1, 0.00000e+0, 2.76623e+0, 0.00000e+0, 2.43026e+0, 0.00000e+0, 2.00000e+1, 0.00000e+0, 7.00000e+0, 0.00000e+0, 3, -1, Disabled
06/17/2024 16:05:53.106, 06/17/2024 16:05:53.045, 4.11655e+0, 0.00000e+0, 9.84821e+1, 0.00000e+0, 1.70648e+0, 0.00000e+0, 1.83287e+4, 0.00000e+0, 1.91426e+4, 0.00000e+0, 3.96038e+2, 0.00000e+0, 1.73834e+0, 0.00000e+0, 4.03433e+2, 0.00000e+0, 5.04022e+2, 0.00000e+0, 3.38185e+1, 0.00000e+0, 3.54014e+1, 0.00000e+0, 2.76912e+0, 0.00000e+0, 2.42864e+0, 0.00000e+0, 2.00000e+1, 0.00000e+0, 7.00000e+0, 0.00000e+0, 3, -1, Disabled
06/17/2024 16:05:54.096, 06/17/2024 16:05:54.039, 4.11659e+0, 0.00000e+0, 9.84830e+1, 0.00000e+0, 1.69788e+0, 0.00000e+0, 1.84997e+4, 0.00000e+0, 1.94890e+4, 0.00000e+0, 3.97362e+2, 0.00000e+0, 1.72989e+0, 0.00000e+0, 4.04851e+2, 0.00000e+0, 5.04125e+2, 0.00000e+0, 3.38171e+1, 0.00000e+0, 3.53622e+1, 0.00000e+0, 2.76877e+0, 0.00000e+0, 2.42913e+0, 0.00000e+0, 2.00000e+1, 0.00000e+0, 7.00000e+0, 0.00000e+0, 3, -1, Disabled
06/17/2024 16:05:55.108, 06/17/2024 16:05:55.034, 4.11619e+0, 0.00000e+0, 9.84735e+1, 0.00000e+0, 1.69326e+0, 0.00000e+0, 1.83973e+4, 0.00000e+0, 1.92964e+4, 0.00000e+0, 4.02805e+2, 0.00000e+0, 1.72499e+0, 0.00000e+0, 4.10355e+2, 0.00000e+0, 5.04031e+2, 0.00000e+0, 3.38157e+1, 0.00000e+0, 3.53776e+1, 0.00000e+0, 2.76989e+0, 0.00000e+0, 2.42952e+0, 0.00000e+0, 2.00000e+1, 0.00000e+0, 7.00000e+0, 0.00000e+0, 3, -1, Disabled
06/17/2024 16:05:56.111, 06/17/2024 16:05:56.028, 4.11649e+0, 0.00000e+0, 9.84805e+1, 0.00000e+0, 1.69606e+0, 0.00000e+0, 1.73762e+4, 0.00000e+0, 1.98845e+4, 0.00000e+0, 3.97134e+2, 0.00000e+0, 1.72605e+0, 0.00000e+0, 4.04157e+2, 0.00000e+0, 5.04168e+2, 0.00000e+0, 3.38148e+1, 0.00000e+0, 3.53920e+1, 0.00000e+0, 2.76931e+0, 0.00000e+0, 2.43002e+0, 0.00000e+0, 2.00000e+1, 0.00000e+0, 7.00000e+0, 0.00000e+0, 3, -1, Disabled
06/17/2024 16:05:57.083, 06/17/2024 16:05:57.024, 4.11641e+0, 0.00000e+0, 9.84786e+1, 0.00000e+0, 1.70764e+0, 0.00000e+0, 1.70178e+4, 0.00000e+0, 1.89042e+4, 0.00000e+0, 3.97082e+2, 0.00000e+0, 1.73720e+0, 0.00000e+0, 4.03956e+2, 0.00000e+0, 5.03972e+2, 0.00000e+0, 3.38124e+1, 0.00000e+0, 3.53556e+1, 0.00000e+0, 2.77014e+0, 0.00000e+0, 2.42880e+0, 0.00000e+0, 2.00000e+1, 0.00000e+0, 7.00000e+0, 0.00000e+0, 3, -1, Disabled
06/17/2024 16:05:58.094, 06/17/2024 16:05:58.018, 4.11669e+0, 0.00000e+0, 9.84855e+1, 0.00000e+0, 1.71138e+0, 0.00000e+0, 1.87401e+4, 0.00000e+0, 1.96356e+4, 0.00000e+0, 3.98857e+2, 0.00000e+0, 1.74406e+0, 0.00000e+0, 4.06474e+2, 0.00000e+0, 5.04103e+2, 0.00000e+0, 3.38119e+1, 0.00000e+0, 3.54110e+1, 0.00000e+0, 2.77052e+0, 0.00000e+0, 2.42858e+0, 0.00000e+0, 2.00000e+1, 0.00000e+0, 7.00000e+0, 0.00000e+0, 3, -1, Disabled
06/17/2024 16:05:59.094, 06/17/2024 16:05:59.013, 4.11652e+0, 0.00000e+0, 9.84813e+1, 0.00000e+0, 1.70473e+0, 0.00000e+0, 1.77414e+4, 0.00000e+0, 1.93120e+4, 0.00000e+0, 4.01355e+2, 0.00000e+0, 1.73552e+0, 0.00000e+0, 4.08605e+2, 0.00000e+0, 5.04074e+2, 0.00000e+0, 3.38102e+1, 0.00000e+0, 3.53892e+1, 0.00000e+0, 2.76946e+0, 0.00000e+0, 2.42945e+0, 0.00000e+0, 2.00000e+1, 0.00000e+0, 7.00000e+0, 0.00000e+0, 3, -1, Disabled
06/17/2024 16:06:00.070, 06/17/2024 16:06:00.007, 4.11608e+0, 0.00000e+0, 9.84708e+1, 0.00000e+0, 1.70862e+0, 0.00000e+0, 1.84201e+4, 0.00000e+0, 2.00091e+4, 0.00000e+0, 4.04005e+2, 0.00000e+0, 1.74068e+0, 0.00000e+0, 4.11586e+2, 0.00000e+0, 5.04059e+2, 0.00000e+0, 3.38099e+1, 0.00000e+0, 3.54208e+1, 0.00000e+0, 2.76885e+0, 0.00000e+0, 2.43029e+0, 0.00000e+0, 2.00000e+1, 0.00000e+0, 7.00000e+0, 0.00000e+0, 3, -1, Disabled
06/17/2024 16:06:01.082, 06/17/2024 16:06:01.002, 4.11617e+0, 0.00000e+0, 9.84731e+1, 0.00000e+0, 1.71782e+0, 0.00000e+0, 1.74401e+4, 0.00000e+0, 1.92716e+4, 0.00000e+0, 3.92012e+2, 0.00000e+0, 1.74831e+0, 0.00000e+0, 3.98970e+2, 0.00000e+0, 5.04076e+2, 0.00000e+0, 3.38089e+1, 0.00000e+0, 3.53794e+1, 0.00000e+0, 2.76919e+0, 0.00000e+0, 2.42961e+0, 0.00000e+0, 2.00000e+1, 0.00000e+0, 7.00000e+0, 0.00000e+0, 3, -1, Disabled
06/17/2024 16:06:02.071, 06/17/2024 16:06:01.997, 4.11646e+0, 0.00000e+0, 9.84798e+1, 0.00000e+0, 1.69939e+0, 0.00000e+0, 1.77623e+4, 0.00000e+0, 1.92139e+4, 0.00000e+0, 4.03593e+2, 0.00000e+0, 1.73012e+0, 0.00000e+0, 4.10892e+2, 0.00000e+0, 5.03976e+2, 0.00000e+0, 3.38082e+1, 0.00000e+0, 3.53718e+1, 0.00000e+0, 2.77027e+0, 0.00000e+0, 2.42983e+0, 0.00000e+0, 2.00000e+1, 0.00000e+0, 7.00000e+0, 0.00000e+0, 3, -1, Disabled
06/17/2024 16:06:03.069, 06/17/2024 16:06:02.991, 4.11678e+0, 0.00000e+0, 9.84876e+1, 0.00000e+0, 1.70797e+0, 0.00000e+0, 1.74363e+4, 0.00000e+0, 1.85991e+4, 0.00000e+0, 4.02244e+2, 0.00000e+0, 1.73828e+0, 0.00000e+0, 4.09383e+2, 0.00000e+0, 5.04150e+2, 0.00000e+0, 3.38089e+1, 0.00000e+0, 3.54185e+1, 0.00000e+0, 2.77135e+0, 0.00000e+0, 2.43163e+0, 0.00000e+0, 2.00000e+1, 0.00000e+0, 7.00000e+0, 0.00000e+0, 3, -1, Disabled
06/17/2024 16:06:04.043, 06/17/2024 16:06:03.985, 4.11609e+0, 0.00000e+0, 9.84711e+1, 0.00000e+0, 1.71042e+0, 0.00000e+0, 1.74231e+4, 0.00000e+0, 1.88971e+4, 0.00000e+0, 4.01083e+2, 0.00000e+0, 1.74075e+0, 0.00000e+0, 4.08195e+2, 0.00000e+0, 5.03866e+2, 0.00000e+0, 3.38057e+1, 0.00000e+0, 3.53902e+1, 0.00000e+0, 2.76977e+0, 0.00000e+0, 2.43128e+0, 0.00000e+0, 2.00000e+1, 0.00000e+0, 7.00000e+0, 0.00000e+0, 3, -1, Disabled
06/17/2024 16:06:05.054, 06/17/2024 16:06:04.980, 4.11585e+0, 0.00000e+0, 9.84653e+1, 0.00000e+0, 1.71321e+0, 0.00000e+0, 1.67614e+4, 0.00000e+0, 1.88733e+4, 0.00000e+0, 3.97395e+2, 0.00000e+0, 1.74241e+0, 0.00000e+0, 4.04169e+2, 0.00000e+0, 5.04007e+2, 0.00000e+0, 3.38055e+1, 0.00000e+0, 3.54296e+1, 0.00000e+0, 2.77057e+0, 0.00000e+0, 2.43184e+0, 0.00000e+0, 2.00000e+1, 0.00000e+0, 7.00000e+0, 0.00000e+0, 3, -1, Disabled
06/17/2024 16:06:06.030, 06/17/2024 16:06:05.975, 4.11660e+0, 0.00000e+0, 9.84832e+1, 0.00000e+0, 1.70312e+0, 0.00000e+0, 1.80926e+4, 0.00000e+0, 1.87371e+4, 0.00000e+0, 4.06564e+2, 0.00000e+0, 1.73450e+0, 0.00000e+0, 4.14055e+2, 0.00000e+0, 5.04064e+2, 0.00000e+0, 3.38046e+1, 0.00000e+0, 3.53795e+1, 0.00000e+0, 2.76972e+0, 0.00000e+0, 2.43088e+0, 0.00000e+0, 2.00000e+1, 0.00000e+0, 7.00000e+0, 0.00000e+0, 3, -1, Disabled
06/17/2024 16:06:07.028, 06/17/2024 16:06:06.969, 4.11613e+0, 0.00000e+0, 9.84720e+1, 0.00000e+0, 1.71802e+0, 0.00000e+0, 1.77445e+4, 0.00000e+0, 1.96615e+4, 0.00000e+0, 3.99411e+2, 0.00000e+0, 1.74905e+0, 0.00000e+0, 4.06626e+2, 0.00000e+0, 5.04057e+2, 0.00000e+0, 3.38057e+1, 0.00000e+0, 3.54436e+1, 0.00000e+0, 2.76984e+0, 0.00000e+0, 2.43119e+0, 0.00000e+0, 2.00000e+1, 0.00000e+0, 7.00000e+0, 0.00000e+0, 3, -1, Disabled
06/17/2024 16:06:08.022, 06/17/2024 16:06:07.963, 4.11725e+0, 0.00000e+0, 9.84988e+1, 0.00000e+0, 1.70734e+0, 0.00000e+0, 1.81501e+4, 0.00000e+0, 1.93216e+4, 0.00000e+0, 4.03901e+2, 0.00000e+0, 1.73890e+0, 0.00000e+0, 4.11367e+2, 0.00000e+0, 5.04080e+2, 0.00000e+0, 3.38030e+1, 0.00000e+0, 3.54199e+1, 0.00000e+0, 2.76905e+0, 0.00000e+0, 2.43141e+0, 0.00000e+0, 2.00000e+1, 0.00000e+0, 7.00000e+0, 0.00000e+0, 3, -1, Disabled
06/17/2024 16:06:09.033, 06/17/2024 16:06:08.957, 4.11674e+0, 0.00000e+0, 9.84866e+1, 0.00000e+0, 1.69581e+0, 0.00000e+0, 1.67522e+4, 0.00000e+0, 1.87169e+4, 0.00000e+0, 3.99810e+2, 0.00000e+0, 1.72470e+0, 0.00000e+0, 4.06621e+2, 0.00000e+0, 5.04033e+2, 0.00000e+0, 3.38018e+1, 0.00000e+0, 3.54503e+1, 0.00000e+0, 2.76961e+0, 0.00000e+0, 2.42950e+0, 0.00000e+0, 2.00000e+1, 0.00000e+0, 7.00000e+0, 0.00000e+0, 3, -1, Disabled
06/17/2024 16:06:10.036, 06/17/2024 16:06:09.953, 4.11636e+0, 0.00000e+0, 9.84774e+1, 0.00000e+0, 1.70519e+0, 0.00000e+0, 1.74001e+4, 0.00000e+0, 1.92034e+4, 0.00000e+0, 4.04048e+2, 0.00000e+0, 1.73538e+0, 0.00000e+0, 4.11203e+2, 0.00000e+0, 5.04163e+2, 0.00000e+0, 3.38006e+1, 0.00000e+0, 3.54571e+1, 0.00000e+0, 2.76868e+0, 0.00000e+0, 2.42974e+0, 0.00000e+0, 2.00000e+1, 0.00000e+0, 7.00000e+0, 0.00000e+0, 3, -1, Disabled
06/17/2024 16:06:11.026, 06/17/2024 16:06:10.946, 4.11701e+0, 0.00000e+0, 9.84929e+1, 0.00000e+0, 1.70847e+0, 0.00000e+0, 1.81307e+4, 0.00000e+0, 1.96846e+4, 0.00000e+0, 4.01523e+2, 0.00000e+0, 1.74002e+0, 0.00000e+0, 4.08937e+2, 0.00000e+0, 5.03915e+2, 0.00000e+0, 3.37995e+1, 0.00000e+0, 3.54216e+1, 0.00000e+0, 2.76972e+0, 0.00000e+0, 2.42894e+0, 0.00000e+0, 2.00000e+1, 0.00000e+0, 7.00000e+0, 0.00000e+0, 3, -1, Disabled
06/17/2024 16:06:12.020, 06/17/2024 16:06:11.941, 4.11687e+0, 0.00000e+0, 9.84897e+1, 0.00000e+0, 1.71220e+0, 0.00000e+0, 1.72573e+4, 0.00000e+0, 1.93341e+4, 0.00000e+0, 4.02737e+2, 0.00000e+0, 1.74227e+0, 0.00000e+0, 4.09809e+2, 0.00000e+0, 5.04076e+2, 0.00000e+0, 3.38007e+1, 0.00000e+0, 3.54844e+1, 0.00000e+0, 2.76959e+0, 0.00000e+0, 2.42977e+0, 0.00000e+0, 2.00000e+1, 0.00000e+0, 7.00000e+0, 0.00000e+0, 3, -1, Disabled
06/17/2024 16:06:13.011, 06/17/2024 16:06:12.937, 4.11630e+0, 0.00000e+0, 9.84761e+1, 0.00000e+0, 1.70297e+0, 0.00000e+0, 1.72442e+4, 0.00000e+0, 1.89201e+4, 0.00000e+0, 4.02759e+2, 0.00000e+0, 1.73286e+0, 0.00000e+0, 4.09826e+2, 0.00000e+0, 5.04112e+2, 0.00000e+0, 3.37985e+1, 0.00000e+0, 3.54385e+1, 0.00000e+0, 2.76817e+0, 0.00000e+0, 2.42852e+0, 0.00000e+0, 2.00000e+1, 0.00000e+0, 7.00000e+0, 0.00000e+0, 3, -1, Disabled
06/17/2024 16:06:13.990, 06/17/2024 16:06:13.930, 4.11612e+0, 0.00000e+0, 9.84718e+1, 0.00000e+0, 1.69782e+0, 0.00000e+0, 1.74110e+4, 0.00000e+0, 1.90074e+4, 0.00000e+0, 3.99930e+2, 0.00000e+0, 1.72790e+0, 0.00000e+0, 4.07017e+2, 0.00000e+0, 5.04043e+2, 0.00000e+0, 3.37976e+1, 0.00000e+0, 3.54381e+1, 0.00000e+0, 2.76938e+0, 0.00000e+0, 2.42914e+0, 0.00000e+0, 2.00000e+1, 0.00000e+0, 7.00000e+0, 0.00000e+0, 3, -1, Disabled
06/17/2024 16:06:15.008, 06/17/2024 16:06:14.925, 4.11706e+0, 0.00000e+0, 9.84943e+1, 0.00000e+0, 1.69317e+0, 0.00000e+0, 1.69429e+4, 0.00000e+0, 1.91825e+4, 0.00000e+0, 4.01405e+2, 0.00000e+0, 1.72236e+0, 0.00000e+0, 4.08323e+2, 0.00000e+0, 5.04138e+2, 0.00000e+0, 3.37975e+1, 0.00000e+0, 3.54639e+1, 0.00000e+0, 2.76914e+0, 0.00000e+0, 2.42882e+0, 0.00000e+0, 2.00000e+1, 0.00000e+0, 7.00000e+0, 0.00000e+0, 3, -1, Disabled
06/17/2024 16:06:16.000, 06/17/2024 16:06:15.919, 4.11654e+0, 0.00000e+0, 9.84818e+1, 0.00000e+0, 1.69794e+0, 0.00000e+0, 1.73962e+4, 0.00000e+0, 1.90035e+4, 0.00000e+0, 4.00429e+2, 0.00000e+0, 1.72800e+0, 0.00000e+0, 4.07518e+2, 0.00000e+0, 5.04009e+2, 0.00000e+0, 3.37953e+1, 0.00000e+0, 3.54323e+1, 0.00000e+0, 2.76806e+0, 0.00000e+0, 2.42838e+0, 0.00000e+0, 2.00000e+1, 0.00000e+0, 7.00000e+0, 0.00000e+0, 3, -1, Disabled
06/17/2024 16:06:16.994, 06/17/2024 16:06:16.914, 4.11598e+0, 0.00000e+0, 9.84685e+1, 0.00000e+0, 1.70669e+0, 0.00000e+0, 1.75167e+4, 0.00000e+0, 1.91928e+4, 0.00000e+0, 4.00068e+2, 0.00000e+0, 1.73711e+0, 0.00000e+0, 4.07200e+2, 0.00000e+0, 5.04145e+2, 0.00000e+0, 3.37950e+1, 0.00000e+0, 3.54866e+1, 0.00000e+0, 2.76889e+0, 0.00000e+0, 2.42944e+0, 0.00000e+0, 2.00000e+1, 0.00000e+0, 7.00000e+0, 0.00000e+0, 3, -1, Disabled
06/17/2024 16:06:17.967, 06/17/2024 16:06:17.908, 4.11662e+0, 0.00000e+0, 9.84837e+1, 0.00000e+0, 1.70007e+0, 0.00000e+0, 1.76532e+4, 0.00000e+0, 1.91697e+4, 0.00000e+0, 3.99790e+2, 0.00000e+0, 1.73062e+0, 0.00000e+0, 4.06974e+2, 0.00000e+0, 5.04007e+2, 0.00000e+0, 3.37932e+1, 0.00000e+0, 3.54559e+1, 0.00000e+0, 2.76976e+0, 0.00000e+0, 2.42781e+0, 0.00000e+0, 2.00000e+1, 0.00000e+0, 7.00000e+0, 0.00000e+0, 3, -1, Disabled
06/17/2024 16:06:18.977, 06/17/2024 16:06:18.903, 4.11604e+0, 0.00000e+0, 9.84700e+1, 0.00000e+0, 1.72006e+0, 0.00000e+0, 1.73053e+4, 0.00000e+0, 1.93977e+4, 0.00000e+0, 4.01737e+2, 0.00000e+0, 1.75035e+0, 0.00000e+0, 4.08812e+2, 0.00000e+0, 5.04119e+2, 0.00000e+0, 3.37934e+1, 0.00000e+0, 3.55032e+1, 0.00000e+0, 2.76915e+0, 0.00000e+0, 2.42898e+0, 0.00000e+0, 2.00000e+1, 0.00000e+0, 7.00000e+0, 0.00000e+0, 3, -1, Disabled
06/17/2024 16:06:19.951, 06/17/2024 16:06:19.898, 4.11596e+0, 0.00000e+0, 9.84681e+1, 0.00000e+0, 1.71136e+0, 0.00000e+0, 1.84570e+4, 0.00000e+0, 1.90748e+4, 0.00000e+0, 4.01457e+2, 0.00000e+0, 1.74354e+0, 0.00000e+0, 4.09006e+2, 0.00000e+0, 5.04140e+2, 0.00000e+0, 3.37918e+1, 0.00000e+0, 3.54659e+1, 0.00000e+0, 2.76932e+0, 0.00000e+0, 2.42938e+0, 0.00000e+0, 2.00000e+1, 0.00000e+0, 7.00000e+0, 0.00000e+0, 3, -1, Disabled
06/17/2024 16:06:20.954, 06/17/2024 16:06:20.893, 4.11641e+0, 0.00000e+0, 9.84786e+1, 0.00000e+0, 1.70631e+0, 0.00000e+0, 1.77433e+4, 0.00000e+0, 1.96438e+4, 0.00000e+0, 4.01499e+2, 0.00000e+0, 1.73714e+0, 0.00000e+0, 4.08752e+2, 0.00000e+0, 5.03975e+2, 0.00000e+0, 3.37920e+1, 0.00000e+0, 3.54706e+1, 0.00000e+0, 2.76880e+0, 0.00000e+0, 2.42999e+0, 0.00000e+0, 2.00000e+1, 0.00000e+0, 7.00000e+0, 0.00000e+0, 3, -1, Disabled
06/17/2024 16:06:21.948, 06/17/2024 16:06:21.886, 4.11648e+0, 0.00000e+0, 9.84803e+1, 0.00000e+0, 1.70424e+0, 0.00000e+0, 1.69531e+4, 0.00000e+0, 1.90175e+4, 0.00000e+0, 4.01644e+2, 0.00000e+0, 1.73363e+0, 0.00000e+0, 4.08571e+2, 0.00000e+0, 5.04155e+2, 0.00000e+0, 3.37918e+1, 0.00000e+0, 3.55128e+1, 0.00000e+0, 2.76889e+0, 0.00000e+0, 2.42958e+0, 0.00000e+0, 2.00000e+1, 0.00000e+0, 7.00000e+0, 0.00000e+0, 3, -1, Disabled
06/17/2024 16:06:22.939, 06/17/2024 16:06:22.882, 4.11705e+0, 0.00000e+0, 9.84940e+1, 0.00000e+0, 1.70489e+0, 0.00000e+0, 1.66340e+4, 0.00000e+0, 1.85136e+4, 0.00000e+0, 4.01232e+2, 0.00000e+0, 1.73373e+0, 0.00000e+0, 4.08020e+2, 0.00000e+0, 5.04036e+2, 0.00000e+0, 3.37907e+1, 0.00000e+0, 3.54988e+1, 0.00000e+0, 2.76977e+0, 0.00000e+0, 2.42915e+0, 0.00000e+0, 2.00000e+1, 0.00000e+0, 7.00000e+0, 0.00000e+0, 3, -1, Disabled
06/17/2024 16:06:23.935, 06/17/2024 16:06:23.877, 4.11679e+0, 0.00000e+0, 9.84879e+1, 0.00000e+0, 1.69863e+0, 0.00000e+0, 1.70262e+4, 0.00000e+0, 1.85282e+4, 0.00000e+0, 3.98405e+2, 0.00000e+0, 1.72805e+0, 0.00000e+0, 4.05305e+2, 0.00000e+0, 5.04019e+2, 0.00000e+0, 3.37894e+1, 0.00000e+0, 3.55288e+1, 0.00000e+0, 2.76863e+0, 0.00000e+0, 2.42963e+0, 0.00000e+0, 2.00000e+1, 0.00000e+0, 7.00000e+0, 0.00000e+0, 3, -1, Disabled
06/17/2024 16:06:24.957, 06/17/2024 16:06:24.870, 4.11719e+0, 0.00000e+0, 9.84974e+1, 0.00000e+0, 1.70495e+0, 0.00000e+0, 1.74133e+4, 0.00000e+0, 1.88721e+4, 0.00000e+0, 4.00872e+2, 0.00000e+0, 1.73517e+0, 0.00000e+0, 4.07976e+2, 0.00000e+0, 5.04082e+2, 0.00000e+0, 3.37883e+1, 0.00000e+0, 3.54946e+1, 0.00000e+0, 2.76910e+0, 0.00000e+0, 2.43053e+0, 0.00000e+0, 2.00000e+1, 0.00000e+0, 7.00000e+0, 0.00000e+0, 3, -1, Disabled
06/17/2024 16:06:25.939, 06/17/2024 16:06:25.865, 4.11646e+0, 0.00000e+0, 9.84798e+1, 0.00000e+0, 1.71547e+0, 0.00000e+0, 1.72229e+4, 0.00000e+0, 1.86141e+4, 0.00000e+0, 3.97648e+2, 0.00000e+0, 1.74554e+0, 0.00000e+0, 4.04617e+2, 0.00000e+0, 5.04013e+2, 0.00000e+0, 3.37873e+1, 0.00000e+0, 3.55121e+1, 0.00000e+0, 2.76909e+0, 0.00000e+0, 2.43069e+0, 0.00000e+0, 2.00000e+1, 0.00000e+0, 7.00000e+0, 0.00000e+0, 3, -1, Disabled
06/17/2024 16:06:26.937, 06/17/2024 16:06:26.859, 4.11645e+0, 0.00000e+0, 9.84796e+1, 0.00000e+0, 1.71081e+0, 0.00000e+0, 1.73259e+4, 0.00000e+0, 1.88561e+4, 0.00000e+0, 4.04582e+2, 0.00000e+0, 1.74097e+0, 0.00000e+0, 4.11716e+2, 0.00000e+0, 5.04150e+2, 0.00000e+0, 3.37873e+1, 0.00000e+0, 3.55146e+1, 0.00000e+0, 2.76922e+0, 0.00000e+0, 2.42983e+0, 0.00000e+0, 2.00000e+1, 0.00000e+0, 7.00000e+0, 0.00000e+0, 3, -1, Disabled
06/17/2024 16:06:27.934, 06/17/2024 16:06:27.854, 4.11648e+0, 0.00000e+0, 9.84804e+1, 0.00000e+0, 1.71232e+0, 0.00000e+0, 1.76962e+4, 0.00000e+0, 1.92655e+4, 0.00000e+0, 4.02865e+2, 0.00000e+0, 1.74317e+0, 0.00000e+0, 4.10122e+2, 0.00000e+0, 5.04005e+2, 0.00000e+0, 3.37852e+1, 0.00000e+0, 3.54956e+1, 0.00000e+0, 2.76975e+0, 0.00000e+0, 2.43041e+0, 0.00000e+0, 2.00000e+1, 0.00000e+0, 7.00000e+0, 0.00000e+0, 3, -1, Disabled
06/17/2024 16:06:28.923, 06/17/2024 16:06:28.848, 4.11630e+0, 0.00000e+0, 9.84760e+1, 0.00000e+0, 1.70483e+0, 0.00000e+0, 1.68647e+4, 0.00000e+0, 1.87055e+4, 0.00000e+0, 4.06611e+2, 0.00000e+0, 1.73408e+0, 0.00000e+0, 4.13586e+2, 0.00000e+0, 5.04155e+2, 0.00000e+0, 3.37852e+1, 0.00000e+0, 3.55491e+1, 0.00000e+0, 2.77015e+0, 0.00000e+0, 2.42998e+0, 0.00000e+0, 2.00000e+1, 0.00000e+0, 7.00000e+0, 0.00000e+0, 3, -1, Disabled
06/17/2024 16:06:29.900, 06/17/2024 16:06:29.844, 4.11661e+0, 0.00000e+0, 9.84836e+1, 0.00000e+0, 1.70379e+0, 0.00000e+0, 1.70573e+4, 0.00000e+0, 1.90068e+4, 0.00000e+0, 4.04299e+2, 0.00000e+0, 1.73336e+0, 0.00000e+0, 4.11315e+2, 0.00000e+0, 5.04030e+2, 0.00000e+0, 3.37841e+1, 0.00000e+0, 3.55103e+1, 0.00000e+0, 2.77157e+0, 0.00000e+0, 2.43101e+0, 0.00000e+0, 2.00000e+1, 0.00000e+0, 7.00000e+0, 0.00000e+0, 3, -1, Disabled
06/17/2024 16:06:30.903, 06/17/2024 16:06:30.838, 4.11641e+0, 0.00000e+0, 9.84787e+1, 0.00000e+0, 1.70215e+0, 0.00000e+0, 1.78980e+4, 0.00000e+0, 1.90318e+4, 0.00000e+0, 3.98188e+2, 0.00000e+0, 1.73317e+0, 0.00000e+0, 4.05445e+2, 0.00000e+0, 5.04044e+2, 0.00000e+0, 3.37839e+1, 0.00000e+0, 3.55703e+1, 0.00000e+0, 2.77179e+0, 0.00000e+0, 2.43165e+0, 0.00000e+0, 2.00000e+1, 0.00000e+0, 7.00000e+0, 0.00000e+0, 3, -1, Disabled
06/17/2024 16:06:31.892, 06/17/2024 16:06:31.832, 4.11664e+0, 0.00000e+0, 9.84843e+1, 0.00000e+0, 1.71315e+0, 0.00000e+0, 1.65925e+4, 0.00000e+0, 1.86487e+4, 0.00000e+0, 4.00029e+2, 0.00000e+0, 1.74205e+0, 0.00000e+0, 4.06778e+2, 0.00000e+0, 5.04129e+2, 0.00000e+0, 3.37829e+1, 0.00000e+0, 3.55241e+1, 0.00000e+0, 2.77024e+0, 0.00000e+0, 2.43091e+0, 0.00000e+0, 2.00000e+1, 0.00000e+0, 7.00000e+0, 0.00000e+0, 3, -1, Disabled
06/17/2024 16:06:32.904, 06/17/2024 16:06:32.827, 4.11648e+0, 0.00000e+0, 9.84805e+1, 0.00000e+0, 1.71284e+0, 0.00000e+0, 1.73643e+4, 0.00000e+0, 1.91523e+4, 0.00000e+0, 4.05229e+2, 0.00000e+0, 1.74311e+0, 0.00000e+0, 4.12390e+2, 0.00000e+0, 5.04027e+2, 0.00000e+0, 3.37826e+1, 0.00000e+0, 3.55439e+1, 0.00000e+0, 2.77103e+0, 0.00000e+0, 2.43139e+0, 0.00000e+0, 2.00000e+1, 0.00000e+0, 7.00000e+0, 0.00000e+0, 3, -1, Disabled
06/17/2024 16:06:33.873, 06/17/2024 16:06:33.821, 4.11702e+0, 0.00000e+0, 9.84932e+1, 0.00000e+0, 1.72127e+0, 0.00000e+0, 1.69764e+4, 0.00000e+0, 1.85967e+4, 0.00000e+0, 3.99701e+2, 0.00000e+0, 1.75100e+0, 0.00000e+0, 4.06604e+2, 0.00000e+0, 5.04104e+2, 0.00000e+0, 3.37822e+1, 0.00000e+0, 3.55614e+1, 0.00000e+0, 2.77284e+0, 0.00000e+0, 2.43080e+0, 0.00000e+0, 2.00000e+1, 0.00000e+0, 7.00000e+0, 0.00000e+0, 3, -1, Disabled
06/17/2024 16:06:34.879, 06/17/2024 16:06:34.816, 4.11655e+0, 0.00000e+0, 9.84821e+1, 0.00000e+0, 1.70015e+0, 0.00000e+0, 1.70117e+4, 0.00000e+0, 1.87262e+4, 0.00000e+0, 4.01279e+2, 0.00000e+0, 1.72958e+0, 0.00000e+0, 4.08224e+2, 0.00000e+0, 5.03950e+2, 0.00000e+0, 3.37812e+1, 0.00000e+0, 3.55423e+1, 0.00000e+0, 2.77182e+0, 0.00000e+0, 2.43116e+0, 0.00000e+0, 2.00000e+1, 0.00000e+0, 7.00000e+0, 0.00000e+0, 3, -1, Disabled
06/17/2024 16:06:35.862, 06/17/2024 16:06:35.810, 4.11671e+0, 0.00000e+0, 9.84859e+1, 0.00000e+0, 1.71589e+0, 0.00000e+0, 1.82017e+4, 0.00000e+0, 1.93609e+4, 0.00000e+0, 4.03713e+2, 0.00000e+0, 1.74770e+0, 0.00000e+0, 4.11198e+2, 0.00000e+0, 5.04151e+2, 0.00000e+0, 3.37809e+1, 0.00000e+0, 3.55745e+1, 0.00000e+0, 2.77234e+0, 0.00000e+0, 2.43163e+0, 0.00000e+0, 2.00000e+1, 0.00000e+0, 7.00000e+0, 0.00000e+0, 3, -1, Disabled
06/17/2024 16:06:36.882, 06/17/2024 16:06:36.805, 4.11668e+0, 0.00000e+0, 9.84851e+1, 0.00000e+0, 1.70841e+0, 0.00000e+0, 1.67681e+4, 0.00000e+0, 1.85763e+4, 0.00000e+0, 3.98268e+2, 0.00000e+0, 1.73755e+0, 0.00000e+0, 4.05060e+2, 0.00000e+0, 5.03981e+2, 0.00000e+0, 3.37783e+1, 0.00000e+0, 3.55213e+1, 0.00000e+0, 2.77186e+0, 0.00000e+0, 2.43189e+0, 0.00000e+0, 2.00000e+1, 0.00000e+0, 7.00000e+0, 0.00000e+0, 3, -1, Disabled
06/17/2024 16:06:37.878, 06/17/2024 16:06:37.799, 4.11616e+0, 0.00000e+0, 9.84727e+1, 0.00000e+0, 1.72266e+0, 0.00000e+0, 1.71996e+4, 0.00000e+0, 1.86875e+4, 0.00000e+0, 4.02612e+2, 0.00000e+0, 1.75280e+0, 0.00000e+0, 4.09658e+2, 0.00000e+0, 5.04107e+2, 0.00000e+0, 3.37786e+1, 0.00000e+0, 3.55770e+1, 0.00000e+0, 2.77276e+0, 0.00000e+0, 2.43276e+0, 0.00000e+0, 2.00000e+1, 0.00000e+0, 7.00000e+0, 0.00000e+0, 3, -1, Disabled
06/17/2024 16:06:38.855, 06/17/2024 16:06:38.793, 4.11673e+0, 0.00000e+0, 9.84863e+1, 0.00000e+0, 1.70408e+0, 0.00000e+0, 1.75152e+4, 0.00000e+0, 1.91060e+4, 0.00000e+0, 3.99098e+2, 0.00000e+0, 1.73446e+0, 0.00000e+0, 4.06213e+2, 0.00000e+0, 5.04053e+2, 0.00000e+0, 3.37778e+1, 0.00000e+0, 3.55490e+1, 0.00000e+0, 2.77264e+0, 0.00000e+0, 2.43194e+0, 0.00000e+0, 2.00000e+1, 0.00000e+0, 7.00000e+0, 0.00000e+0, 3, -1, Disabled
06/17/2024 16:06:39.866, 06/17/2024 16:06:39.789, 4.11659e+0, 0.00000e+0, 9.84830e+1, 0.00000e+0, 1.71918e+0, 0.00000e+0, 1.75415e+4, 0.00000e+0, 1.89281e+4, 0.00000e+0, 4.02246e+2, 0.00000e+0, 1.74987e+0, 0.00000e+0, 4.09428e+2, 0.00000e+0, 5.03980e+2, 0.00000e+0, 3.37766e+1, 0.00000e+0, 3.55709e+1, 0.00000e+0, 2.77117e+0, 0.00000e+0, 2.43283e+0, 0.00000e+0, 2.00000e+1, 0.00000e+0, 7.00000e+0, 0.00000e+0, 3, -1, Disabled
06/17/2024 16:06:40.849, 06/17/2024 16:06:40.784, 4.11646e+0, 0.00000e+0, 9.84799e+1, 0.00000e+0, 1.71679e+0, 0.00000e+0, 1.72665e+4, 0.00000e+0, 1.83602e+4, 0.00000e+0, 3.97219e+2, 0.00000e+0, 1.74695e+0, 0.00000e+0, 4.04198e+2, 0.00000e+0, 5.04146e+2, 0.00000e+0, 3.37760e+1, 0.00000e+0, 3.55725e+1, 0.00000e+0, 2.77313e+0, 0.00000e+0, 2.43234e+0, 0.00000e+0, 2.00000e+1, 0.00000e+0, 7.00000e+0, 0.00000e+0, 3, -1, Disabled
06/17/2024 16:06:41.865, 06/17/2024 16:06:41.778, 4.11640e+0, 0.00000e+0, 9.84784e+1, 0.00000e+0, 1.70969e+0, 0.00000e+0, 1.80498e+4, 0.00000e+0, 1.98377e+4, 0.00000e+0, 3.99848e+2, 0.00000e+0, 1.74112e+0, 0.00000e+0, 4.07197e+2, 0.00000e+0, 5.03945e+2, 0.00000e+0, 3.37754e+1, 0.00000e+0, 3.55407e+1, 0.00000e+0, 2.77350e+0, 0.00000e+0, 2.43286e+0, 0.00000e+0, 2.00000e+1, 0.00000e+0, 7.00000e+0, 0.00000e+0, 3, -1, Disabled
06/17/2024 16:06:42.854, 06/17/2024 16:06:42.774, 4.11626e+0, 0.00000e+0, 9.84752e+1, 0.00000e+0, 1.70907e+0, 0.00000e+0, 1.68593e+4, 0.00000e+0, 1.85424e+4, 0.00000e+0, 4.01741e+2, 0.00000e+0, 1.73838e+0, 0.00000e+0, 4.08630e+2, 0.00000e+0, 5.04162e+2, 0.00000e+0, 3.37749e+1, 0.00000e+0, 3.55606e+1, 0.00000e+0, 2.77253e+0, 0.00000e+0, 2.43324e+0, 0.00000e+0, 2.00000e+1, 0.00000e+0, 7.00000e+0, 0.00000e+0, 3, -1, Disabled
                                                                                                                                                                                                                                                                                                                                                                                                                                                                                                                                                                                                                                                                                                                                                                                                                                                                                                                                                                                                                                                                                                                                                                                                                                                                                                                                                                                                                                                                                                                                                                                                                                                                                                                                                                                                                                                                                                                                                                                                                                                                                                                                                                                                                                                                                                                                                                                                                                                                                                                                                                                                                                                                                                                                                                                                                                                                                                                                                                                                                                                                                                      