SN:3K60180500001585 BD:Jul 23 2018 VC:834b9c1 MD5:48f99e4865ed8b810be1bb0eaaabf929
SysTime,                      Time,         Batt_v,      Batt_v_sd,   BATT_PERCENT,BATT_PERCENT_sd,      [CH4]_ppm,   [CH4]_ppm_sd,      [H2O]_ppm,   [H2O]_ppm_sd,     [H2Oa]_ppm,  [H2Oa]_ppm_sd,      [CO2]_ppm,   [CO2]_ppm_sd,     [CH4]d_ppm,  [CH4]d_ppm_sd,     [CO2]d_ppm,  [CO2]d_ppm_sd,      GasP_torr,   GasP_torr_sd,         GasT_C,      GasT_C_sd,         AmbT_C,      AmbT_C_sd,         RD0_us,      RD0_us_sd,         RD1_us,      RD1_us_sd, Temp_Status_mA,Temp_Status_mA_sd,Analyzer_Status_mA,Analyzer_Status_mA_sd,       Fit_Flag,      MIU_VALVE,       MIU_DESC
06/17/2024 11:35:46.830, 06/17/2024 11:35:46.777, 4.11743e+0, 0.00000e+0, 4.92516e+1, 0.00000e+0, 1.69045e+0, 0.00000e+0, 1.43362e+4, 0.00000e+0, 1.71650e+4, 0.00000e+0, 4.08562e+2, 0.00000e+0, 8.57520e-1, 0.00000e+0, 2.07252e+2, 0.00000e+0, 5.04349e+2, 0.00000e+0, 2.82554e+1, 0.00000e+0, 2.87486e+1, 0.00000e+0, 2.73833e+0, 0.00000e+0, 2.42153e+0, 0.00000e+0, 2.00000e+1, 0.00000e+0, 1.50000e+1, 0.00000e+0, 2, -1, Disabled
06/17/2024 11:35:47.821, 06/17/2024 11:35:47.770, 4.11704e+0, 0.00000e+0, 9.84938e+1, 0.00000e+0, 1.69746e+0, 0.00000e+0, 1.50639e+4, 0.00000e+0, 1.80041e+4, 0.00000e+0, 4.06318e+2, 0.00000e+0, 1.72342e+0, 0.00000e+0, 4.12532e+2, 0.00000e+0, 5.04402e+2, 0.00000e+0, 2.82552e+1, 0.00000e+0, 2.87538e+1, 0.00000e+0, 2.73785e+0, 0.00000e+0, 2.42302e+0, 0.00000e+0, 2.00000e+1, 0.00000e+0, 1.50000e+1, 0.00000e+0, 2, -1, Disabled
06/17/2024 11:35:48.819, 06/17/2024 11:35:48.766, 4.11758e+0, 0.00000e+0, 9.85068e+1, 0.00000e+0, 1.70210e+0, 0.00000e+0, 1.55091e+4, 0.00000e+0, 1.82669e+4, 0.00000e+0, 4.03299e+2, 0.00000e+0, 1.72892e+0, 0.00000e+0, 4.09652e+2, 0.00000e+0, 5.04181e+2, 0.00000e+0, 2.82599e+1, 0.00000e+0, 2.87272e+1, 0.00000e+0, 2.73841e+0, 0.00000e+0, 2.42213e+0, 0.00000e+0, 2.00000e+1, 0.00000e+0, 1.50000e+1, 0.00000e+0, 2, -1, Disabled
06/17/2024 11:35:49.810, 06/17/2024 11:35:49.760, 4.11669e+0, 0.00000e+0, 9.84855e+1, 0.00000e+0, 1.70012e+0, 0.00000e+0, 1.54802e+4, 0.00000e+0, 1.85306e+4, 0.00000e+0, 4.01582e+2, 0.00000e+0, 1.72686e+0, 0.00000e+0, 4.07897e+2, 0.00000e+0, 5.04572e+2, 0.00000e+0, 2.82722e+1, 0.00000e+0, 2.87914e+1, 0.00000e+0, 2.73734e+0, 0.00000e+0, 2.42217e+0, 0.00000e+0, 2.00000e+1, 0.00000e+0, 1.50000e+1, 0.00000e+0, 2, -1, Disabled
06/17/2024 11:35:50.813, 06/17/2024 11:35:50.755, 4.11706e+0, 0.00000e+0, 9.84942e+1, 0.00000e+0, 1.70071e+0, 0.00000e+0, 1.52896e+4, 0.00000e+0, 1.82342e+4, 0.00000e+0, 3.99827e+2, 0.00000e+0, 1.72712e+0, 0.00000e+0, 4.06035e+2, 0.00000e+0, 5.04215e+2, 0.00000e+0, 2.82806e+1, 0.00000e+0, 2.87795e+1, 0.00000e+0, 2.73616e+0, 0.00000e+0, 2.42259e+0, 0.00000e+0, 2.00000e+1, 0.00000e+0, 1.50000e+1, 0.00000e+0, 2, -1, Disabled
06/17/2024 11:35:51.808, 06/17/2024 11:35:51.750, 4.11760e+0, 0.00000e+0, 9.85073e+1, 0.00000e+0, 1.69863e+0, 0.00000e+0, 1.53126e+4, 0.00000e+0, 1.79325e+4, 0.00000e+0, 3.99090e+2, 0.00000e+0, 1.72504e+0, 0.00000e+0, 4.05297e+2, 0.00000e+0, 5.04332e+2, 0.00000e+0, 2.82544e+1, 0.00000e+0, 2.87576e+1, 0.00000e+0, 2.73801e+0, 0.00000e+0, 2.42246e+0, 0.00000e+0, 2.00000e+1, 0.00000e+0, 1.50000e+1, 0.00000e+0, 2, -1, Disabled
06/17/2024 11:35:52.795, 06/17/2024 11:35:52.743, 4.11664e+0, 0.00000e+0, 9.84842e+1, 0.00000e+0, 1.69897e+0, 0.00000e+0, 1.54806e+4, 0.00000e+0, 1.82038e+4, 0.00000e+0, 4.00329e+2, 0.00000e+0, 1.72568e+0, 0.00000e+0, 4.06624e+2, 0.00000e+0, 5.04334e+2, 0.00000e+0, 2.82776e+1, 0.00000e+0, 2.87936e+1, 0.00000e+0, 2.73775e+0, 0.00000e+0, 2.42151e+0, 0.00000e+0, 2.00000e+1, 0.00000e+0, 1.50000e+1, 0.00000e+0, 2, -1, Disabled
06/17/2024 11:35:53.789, 06/17/2024 11:35:53.739, 4.11691e+0, 0.00000e+0, 9.84907e+1, 0.00000e+0, 1.71020e+0, 0.00000e+0, 1.53159e+4, 0.00000e+0, 1.81666e+4, 0.00000e+0, 4.02189e+2, 0.00000e+0, 1.73680e+0, 0.00000e+0, 4.08445e+2, 0.00000e+0, 5.04369e+2, 0.00000e+0, 2.82724e+1, 0.00000e+0, 2.87646e+1, 0.00000e+0, 2.73625e+0, 0.00000e+0, 2.42130e+0, 0.00000e+0, 2.00000e+1, 0.00000e+0, 1.50000e+1, 0.00000e+0, 2, -1, Disabled
06/17/2024 11:35:54.784, 06/17/2024 11:35:54.732, 4.11787e+0, 0.00000e+0, 9.85137e+1, 0.00000e+0, 1.70172e+0, 0.00000e+0, 1.58648e+4, 0.00000e+0, 1.83631e+4, 0.00000e+0, 4.02696e+2, 0.00000e+0, 1.72915e+0, 0.00000e+0, 4.09187e+2, 0.00000e+0, 5.04231e+2, 0.00000e+0, 2.82494e+1, 0.00000e+0, 2.87353e+1, 0.00000e+0, 2.73703e+0, 0.00000e+0, 2.42116e+0, 0.00000e+0, 2.00000e+1, 0.00000e+0, 1.50000e+1, 0.00000e+0, 2, -1, Disabled
06/17/2024 11:35:55.792, 06/17/2024 11:35:55.727, 4.11762e+0, 0.00000e+0, 9.85076e+1, 0.00000e+0, 1.70026e+0, 0.00000e+0, 1.56518e+4, 0.00000e+0, 1.85300e+4, 0.00000e+0, 4.00867e+2, 0.00000e+0, 1.72730e+0, 0.00000e+0, 4.07241e+2, 0.00000e+0, 5.04540e+2, 0.00000e+0, 2.82509e+1, 0.00000e+0, 2.87864e+1, 0.00000e+0, 2.73767e+0, 0.00000e+0, 2.42139e+0, 0.00000e+0, 2.00000e+1, 0.00000e+0, 1.50000e+1, 0.00000e+0, 2, -1, Disabled
06/17/2024 11:35:56.774, 06/17/2024 11:35:56.722, 4.11755e+0, 0.00000e+0, 9.85060e+1, 0.00000e+0, 1.70157e+0, 0.00000e+0, 1.55274e+4, 0.00000e+0, 1.82240e+4, 0.00000e+0, 3.99519e+2, 0.00000e+0, 1.72841e+0, 0.00000e+0, 4.05820e+2, 0.00000e+0, 5.04275e+2, 0.00000e+0, 2.82573e+1, 0.00000e+0, 2.87760e+1, 0.00000e+0, 2.73615e+0, 0.00000e+0, 2.42153e+0, 0.00000e+0, 2.00000e+1, 0.00000e+0, 1.50000e+1, 0.00000e+0, 2, -1, Disabled
06/17/2024 11:35:57.773, 06/17/2024 11:35:57.717, 4.11812e+0, 0.00000e+0, 9.85197e+1, 0.00000e+0, 1.69539e+0, 0.00000e+0, 1.58271e+4, 0.00000e+0, 1.86528e+4, 0.00000e+0, 4.00150e+2, 0.00000e+0, 1.72266e+0, 0.00000e+0, 4.06585e+2, 0.00000e+0, 5.04385e+2, 0.00000e+0, 2.82597e+1, 0.00000e+0, 2.87211e+1, 0.00000e+0, 2.73677e+0, 0.00000e+0, 2.42008e+0, 0.00000e+0, 2.00000e+1, 0.00000e+0, 1.50000e+1, 0.00000e+0, 2, -1, Disabled
06/17/2024 11:35:58.792, 06/17/2024 11:35:58.710, 4.11760e+0, 0.00000e+0, 9.85072e+1, 0.00000e+0, 1.69308e+0, 0.00000e+0, 1.56178e+4, 0.00000e+0, 1.83537e+4, 0.00000e+0, 4.01225e+2, 0.00000e+0, 1.71994e+0, 0.00000e+0, 4.07590e+2, 0.00000e+0, 5.04535e+2, 0.00000e+0, 2.82572e+1, 0.00000e+0, 2.87624e+1, 0.00000e+0, 2.73744e+0, 0.00000e+0, 2.42088e+0, 0.00000e+0, 2.00000e+1, 0.00000e+0, 1.50000e+1, 0.00000e+0, 3, -1, Disabled
06/17/2024 11:35:59.769, 06/17/2024 11:35:59.705, 4.11725e+0, 0.00000e+0, 9.84989e+1, 0.00000e+0, 1.69414e+0, 0.00000e+0, 1.53151e+4, 0.00000e+0, 1.78523e+4, 0.00000e+0, 3.99315e+2, 0.00000e+0, 1.72049e+0, 0.00000e+0, 4.05526e+2, 0.00000e+0, 5.04181e+2, 0.00000e+0, 2.82542e+1, 0.00000e+0, 2.87791e+1, 0.00000e+0, 2.73615e+0, 0.00000e+0, 2.42079e+0, 0.00000e+0, 2.00000e+1, 0.00000e+0, 1.50000e+1, 0.00000e+0, 3, -1, Disabled
06/17/2024 11:36:00.749, 06/17/2024 11:36:00.701, 4.11787e+0, 0.00000e+0, 9.85137e+1, 0.00000e+0, 1.69547e+0, 0.00000e+0, 1.55253e+4, 0.00000e+0, 1.81172e+4, 0.00000e+0, 3.99744e+2, 0.00000e+0, 1.72221e+0, 0.00000e+0, 4.06048e+2, 0.00000e+0, 5.04522e+2, 0.00000e+0, 2.82563e+1, 0.00000e+0, 2.87345e+1, 0.00000e+0, 2.73754e+0, 0.00000e+0, 2.41933e+0, 0.00000e+0, 2.00000e+1, 0.00000e+0, 1.50000e+1, 0.00000e+0, 3, -1, Disabled
06/17/2024 11:36:01.760, 06/17/2024 11:36:01.695, 4.11756e+0, 0.00000e+0, 9.85063e+1, 0.00000e+0, 1.69467e+0, 0.00000e+0, 1.56894e+4, 0.00000e+0, 1.85572e+4, 0.00000e+0, 4.01518e+2, 0.00000e+0, 1.72168e+0, 0.00000e+0, 4.07918e+2, 0.00000e+0, 5.04378e+2, 0.00000e+0, 2.82796e+1, 0.00000e+0, 2.87740e+1, 0.00000e+0, 2.73787e+0, 0.00000e+0, 2.41985e+0, 0.00000e+0, 2.00000e+1, 0.00000e+0, 1.50000e+1, 0.00000e+0, 3, -1, Disabled
06/17/2024 11:36:02.762, 06/17/2024 11:36:02.695, 4.11750e+0, 0.00000e+0, 9.85047e+1, 0.00000e+0, 1.70039e+0, 0.00000e+0, 1.61507e+4, 0.00000e+0, 1.86875e+4, 0.00000e+0, 4.01740e+2, 0.00000e+0, 1.72831e+0, 0.00000e+0, 4.08335e+2, 0.00000e+0, 5.04274e+2, 0.00000e+0, 2.82621e+1, 0.00000e+0, 2.87452e+1, 0.00000e+0, 2.73734e+0, 0.00000e+0, 2.42057e+0, 0.00000e+0, 2.00000e+1, 0.00000e+0, 1.50000e+1, 0.00000e+0, 3, -1, Disabled
06/17/2024 11:36:03.754, 06/17/2024 11:36:03.690, 4.11837e+0, 0.00000e+0, 9.85256e+1, 0.00000e+0, 1.69949e+0, 0.00000e+0, 1.60174e+4, 0.00000e+0, 1.86044e+4, 0.00000e+0, 4.02809e+2, 0.00000e+0, 1.72716e+0, 0.00000e+0, 4.09366e+2, 0.00000e+0, 5.04465e+2, 0.00000e+0, 2.82542e+1, 0.00000e+0, 2.87292e+1, 0.00000e+0, 2.73777e+0, 0.00000e+0, 2.41960e+0, 0.00000e+0, 2.00000e+1, 0.00000e+0, 1.50000e+1, 0.00000e+0, 3, -1, Disabled
06/17/2024 11:36:04.737, 06/17/2024 11:36:04.686, 4.11794e+0, 0.00000e+0, 9.85153e+1, 0.00000e+0, 1.69596e+0, 0.00000e+0, 1.56884e+4, 0.00000e+0, 1.81653e+4, 0.00000e+0, 4.01660e+2, 0.00000e+0, 1.72299e+0, 0.00000e+0, 4.08062e+2, 0.00000e+0, 5.04354e+2, 0.00000e+0, 2.82479e+1, 0.00000e+0, 2.87425e+1, 0.00000e+0, 2.73736e+0, 0.00000e+0, 2.41941e+0, 0.00000e+0, 2.00000e+1, 0.00000e+0, 1.50000e+1, 0.00000e+0, 3, -1, Disabled
06/17/2024 11:36:05.748, 06/17/2024 11:36:05.679, 4.11818e+0, 0.00000e+0, 9.85210e+1, 0.00000e+0, 1.69414e+0, 0.00000e+0, 1.59726e+4, 0.00000e+0, 1.85225e+4, 0.00000e+0, 3.98888e+2, 0.00000e+0, 1.72164e+0, 0.00000e+0, 4.05362e+2, 0.00000e+0, 5.04383e+2, 0.00000e+0, 2.82492e+1, 0.00000e+0, 2.87149e+1, 0.00000e+0, 2.73668e+0, 0.00000e+0, 2.41910e+0, 0.00000e+0, 2.00000e+1, 0.00000e+0, 1.50000e+1, 0.00000e+0, 3, -1, Disabled
06/17/2024 11:36:06.724, 06/17/2024 11:36:06.674, 4.11846e+0, 0.00000e+0, 9.85277e+1, 0.00000e+0, 1.70029e+0, 0.00000e+0, 1.58339e+4, 0.00000e+0, 1.82005e+4, 0.00000e+0, 4.00597e+2, 0.00000e+0, 1.72765e+0, 0.00000e+0, 4.07042e+2, 0.00000e+0, 5.04319e+2, 0.00000e+0, 2.82488e+1, 0.00000e+0, 2.86869e+1, 0.00000e+0, 2.73727e+0, 0.00000e+0, 2.41893e+0, 0.00000e+0, 2.00000e+1, 0.00000e+0, 1.50000e+1, 0.00000e+0, 3, -1, Disabled
06/17/2024 11:36:07.718, 06/17/2024 11:36:07.668, 4.11781e+0, 0.00000e+0, 9.85122e+1, 0.00000e+0, 1.70063e+0, 0.00000e+0, 1.61260e+4, 0.00000e+0, 1.88844e+4, 0.00000e+0, 4.01343e+2, 0.00000e+0, 1.72850e+0, 0.00000e+0, 4.07922e+2, 0.00000e+0, 5.04379e+2, 0.00000e+0, 2.82500e+1, 0.00000e+0, 2.87618e+1, 0.00000e+0, 2.73567e+0, 0.00000e+0, 2.41873e+0, 0.00000e+0, 2.00000e+1, 0.00000e+0, 1.50000e+1, 0.00000e+0, 3, -1, Disabled
06/17/2024 11:36:08.736, 06/17/2024 11:36:08.665, 4.11646e+0, 0.00000e+0, 9.84800e+1, 0.00000e+0, 1.70680e+0, 0.00000e+0, 1.58577e+4, 0.00000e+0, 1.84004e+4, 0.00000e+0, 3.98748e+2, 0.00000e+0, 1.73430e+0, 0.00000e+0, 4.05173e+2, 0.00000e+0, 5.04373e+2, 0.00000e+0, 2.82475e+1, 0.00000e+0, 2.86984e+1, 0.00000e+0, 2.73667e+0, 0.00000e+0, 2.42017e+0, 0.00000e+0, 2.00000e+1, 0.00000e+0, 1.50000e+1, 0.00000e+0, 3, -1, Disabled
06/17/2024 11:36:09.731, 06/17/2024 11:36:09.664, 4.11602e+0, 0.00000e+0, 9.84695e+1, 0.00000e+0, 1.69149e+0, 0.00000e+0, 1.62744e+4, 0.00000e+0, 1.84833e+4, 0.00000e+0, 3.96344e+2, 0.00000e+0, 1.71947e+0, 0.00000e+0, 4.02901e+2, 0.00000e+0, 5.04266e+2, 0.00000e+0, 2.82476e+1, 0.00000e+0, 2.87098e+1, 0.00000e+0, 2.73785e+0, 0.00000e+0, 2.41820e+0, 0.00000e+0, 2.00000e+1, 0.00000e+0, 1.50000e+1, 0.00000e+0, 3, -1, Disabled
06/17/2024 11:36:10.717, 06/17/2024 11:36:10.658, 4.11698e+0, 0.00000e+0, 9.84923e+1, 0.00000e+0, 1.69415e+0, 0.00000e+0, 1.62625e+4, 0.00000e+0, 1.86067e+4, 0.00000e+0, 3.98876e+2, 0.00000e+0, 1.72216e+0, 0.00000e+0, 4.05470e+2, 0.00000e+0, 5.04453e+2, 0.00000e+0, 2.82497e+1, 0.00000e+0, 2.87608e+1, 0.00000e+0, 2.73620e+0, 0.00000e+0, 2.42002e+0, 0.00000e+0, 2.00000e+1, 0.00000e+0, 1.50000e+1, 0.00000e+0, 3, -1, Disabled
06/17/2024 11:36:11.705, 06/17/2024 11:36:11.653, 4.11740e+0, 0.00000e+0, 9.85023e+1, 0.00000e+0, 1.69375e+0, 0.00000e+0, 1.54358e+4, 0.00000e+0, 1.84120e+4, 0.00000e+0, 3.97268e+2, 0.00000e+0, 1.72030e+0, 0.00000e+0, 4.03496e+2, 0.00000e+0, 5.04251e+2, 0.00000e+0, 2.82502e+1, 0.00000e+0, 2.87201e+1, 0.00000e+0, 2.73792e+0, 0.00000e+0, 2.41888e+0, 0.00000e+0, 2.00000e+1, 0.00000e+0, 1.50000e+1, 0.00000e+0, 3, -1, Disabled
06/17/2024 11:36:12.708, 06/17/2024 11:36:12.654, 4.11761e+0, 0.00000e+0, 9.85075e+1, 0.00000e+0, 1.69472e+0, 0.00000e+0, 1.59493e+4, 0.00000e+0, 1.84460e+4, 0.00000e+0, 3.97418e+2, 0.00000e+0, 1.72218e+0, 0.00000e+0, 4.03860e+2, 0.00000e+0, 5.04188e+2, 0.00000e+0, 2.82503e+1, 0.00000e+0, 2.87094e+1, 0.00000e+0, 2.73736e+0, 0.00000e+0, 2.41899e+0, 0.00000e+0, 2.00000e+1, 0.00000e+0, 1.50000e+1, 0.00000e+0, 3, -1, Disabled
06/17/2024 11:36:13.699, 06/17/2024 11:36:13.648, 4.11757e+0, 0.00000e+0, 9.85064e+1, 0.00000e+0, 1.69789e+0, 0.00000e+0, 1.60005e+4, 0.00000e+0, 1.88357e+4, 0.00000e+0, 3.97649e+2, 0.00000e+0, 1.72550e+0, 0.00000e+0, 4.04115e+2, 0.00000e+0, 5.04589e+2, 0.00000e+0, 2.82515e+1, 0.00000e+0, 2.87515e+1, 0.00000e+0, 2.73700e+0, 0.00000e+0, 2.41854e+0, 0.00000e+0, 2.00000e+1, 0.00000e+0, 1.50000e+1, 0.00000e+0, 3, -1, Disabled
06/17/2024 11:36:14.707, 06/17/2024 11:36:14.644, 4.11716e+0, 0.00000e+0, 9.84967e+1, 0.00000e+0, 1.70379e+0, 0.00000e+0, 1.57855e+4, 0.00000e+0, 1.82769e+4, 0.00000e+0, 3.94497e+2, 0.00000e+0, 1.73111e+0, 0.00000e+0, 4.00824e+2, 0.00000e+0, 5.04287e+2, 0.00000e+0, 2.82516e+1, 0.00000e+0, 2.87708e+1, 0.00000e+0, 2.73615e+0, 0.00000e+0, 2.41872e+0, 0.00000e+0, 2.00000e+1, 0.00000e+0, 1.50000e+1, 0.00000e+0, 3, -1, Disabled
06/17/2024 11:36:15.687, 06/17/2024 11:36:15.638, 4.11641e+0, 0.00000e+0, 9.84787e+1, 0.00000e+0, 1.69033e+0, 0.00000e+0, 1.59207e+4, 0.00000e+0, 1.84774e+4, 0.00000e+0, 3.96328e+2, 0.00000e+0, 1.71768e+0, 0.00000e+0, 4.02740e+2, 0.00000e+0, 5.04140e+2, 0.00000e+0, 2.82512e+1, 0.00000e+0, 2.87295e+1, 0.00000e+0, 2.73688e+0, 0.00000e+0, 2.41897e+0, 0.00000e+0, 2.00000e+1, 0.00000e+0, 1.50000e+1, 0.00000e+0, 3, -1, Disabled
06/17/2024 11:36:16.686, 06/17/2024 11:36:16.633, 4.11657e+0, 0.00000e+0, 9.84826e+1, 0.00000e+0, 1.69325e+0, 0.00000e+0, 1.57621e+4, 0.00000e+0, 1.85757e+4, 0.00000e+0, 3.96383e+2, 0.00000e+0, 1.72036e+0, 0.00000e+0, 4.02731e+2, 0.00000e+0, 5.04555e+2, 0.00000e+0, 2.82539e+1, 0.00000e+0, 2.87699e+1, 0.00000e+0, 2.73704e+0, 0.00000e+0, 2.41904e+0, 0.00000e+0, 2.00000e+1, 0.00000e+0, 1.50000e+1, 0.00000e+0, 3, -1, Disabled
06/17/2024 11:36:17.681, 06/17/2024 11:36:17.627, 4.11685e+0, 0.00000e+0, 9.84893e+1, 0.00000e+0, 1.70514e+0, 0.00000e+0, 1.58211e+4, 0.00000e+0, 1.85535e+4, 0.00000e+0, 3.97541e+2, 0.00000e+0, 1.73255e+0, 0.00000e+0, 4.03932e+2, 0.00000e+0, 5.04257e+2, 0.00000e+0, 2.82534e+1, 0.00000e+0, 2.87267e+1, 0.00000e+0, 2.73730e+0, 0.00000e+0, 2.41853e+0, 0.00000e+0, 2.00000e+1, 0.00000e+0, 1.50000e+1, 0.00000e+0, 3, -1, Disabled
06/17/2024 11:36:18.675, 06/17/2024 11:36:18.622, 4.11773e+0, 0.00000e+0, 9.85103e+1, 0.00000e+0, 1.69920e+0, 0.00000e+0, 1.60677e+4, 0.00000e+0, 1.88347e+4, 0.00000e+0, 3.96224e+2, 0.00000e+0, 1.72694e+0, 0.00000e+0, 4.02694e+2, 0.00000e+0, 5.04291e+2, 0.00000e+0, 2.82524e+1, 0.00000e+0, 2.86533e+1, 0.00000e+0, 2.73630e+0, 0.00000e+0, 2.41921e+0, 0.00000e+0, 2.00000e+1, 0.00000e+0, 1.50000e+1, 0.00000e+0, 3, -1, Disabled
06/17/2024 11:36:19.665, 06/17/2024 11:36:19.618, 4.11744e+0, 0.00000e+0, 9.85035e+1, 0.00000e+0, 1.69683e+0, 0.00000e+0, 1.53786e+4, 0.00000e+0, 1.82017e+4, 0.00000e+0, 3.98712e+2, 0.00000e+0, 1.72333e+0, 0.00000e+0, 4.04940e+2, 0.00000e+0, 5.04431e+2, 0.00000e+0, 2.82531e+1, 0.00000e+0, 2.87176e+1, 0.00000e+0, 2.73875e+0, 0.00000e+0, 2.41841e+0, 0.00000e+0, 2.00000e+1, 0.00000e+0, 1.50000e+1, 0.00000e+0, 3, -1, Disabled
06/17/2024 11:36:20.669, 06/17/2024 11:36:20.610, 4.11785e+0, 0.00000e+0, 9.85131e+1, 0.00000e+0, 1.70379e+0, 0.00000e+0, 1.58764e+4, 0.00000e+0, 1.84865e+4, 0.00000e+0, 3.99569e+2, 0.00000e+0, 1.73128e+0, 0.00000e+0, 4.06015e+2, 0.00000e+0, 5.04173e+2, 0.00000e+0, 2.82540e+1, 0.00000e+0, 2.86793e+1, 0.00000e+0, 2.73721e+0, 0.00000e+0, 2.41918e+0, 0.00000e+0, 2.00000e+1, 0.00000e+0, 1.50000e+1, 0.00000e+0, 3, -1, Disabled
06/17/2024 11:36:21.672, 06/17/2024 11:36:21.605, 4.11795e+0, 0.00000e+0, 9.85156e+1, 0.00000e+0, 1.70097e+0, 0.00000e+0, 1.63441e+4, 0.00000e+0, 1.90455e+4, 0.00000e+0, 4.18059e+2, 0.00000e+0, 1.72923e+0, 0.00000e+0, 4.25005e+2, 0.00000e+0, 5.04323e+2, 0.00000e+0, 2.82550e+1, 0.00000e+0, 2.86560e+1, 0.00000e+0, 2.73764e+0, 0.00000e+0, 2.41865e+0, 0.00000e+0, 2.00000e+1, 0.00000e+0, 1.50000e+1, 0.00000e+0, 3, -1, Disabled
06/17/2024 11:36:22.664, 06/17/2024 11:36:22.599, 4.11745e+0, 0.00000e+0, 9.85035e+1, 0.00000e+0, 1.69749e+0, 0.00000e+0, 1.59993e+4, 0.00000e+0, 1.86792e+4, 0.00000e+0, 4.24426e+2, 0.00000e+0, 1.72509e+0, 0.00000e+0, 4.31327e+2, 0.00000e+0, 5.04470e+2, 0.00000e+0, 2.82552e+1, 0.00000e+0, 2.87152e+1, 0.00000e+0, 2.73802e+0, 0.00000e+0, 2.41913e+0, 0.00000e+0, 2.00000e+1, 0.00000e+0, 1.50000e+1, 0.00000e+0, 3, -1, Disabled
06/17/2024 11:36:23.655, 06/17/2024 11:36:23.594, 4.11744e+0, 0.00000e+0, 9.85034e+1, 0.00000e+0, 1.70152e+0, 0.00000e+0, 1.59378e+4, 0.00000e+0, 1.86158e+4, 0.00000e+0, 4.40070e+2, 0.00000e+0, 1.72908e+0, 0.00000e+0, 4.47197e+2, 0.00000e+0, 5.04288e+2, 0.00000e+0, 2.82560e+1, 0.00000e+0, 2.86959e+1, 0.00000e+0, 2.73834e+0, 0.00000e+0, 2.41907e+0, 0.00000e+0, 2.00000e+1, 0.00000e+0, 1.50000e+1, 0.00000e+0, 3, -1, Disabled
06/17/2024 11:36:24.652, 06/17/2024 11:36:24.589, 4.11772e+0, 0.00000e+0, 9.85099e+1, 0.00000e+0, 1.69824e+0, 0.00000e+0, 1.58688e+4, 0.00000e+0, 1.84210e+4, 0.00000e+0, 4.47860e+2, 0.00000e+0, 1.72562e+0, 0.00000e+0, 4.55081e+2, 0.00000e+0, 5.04306e+2, 0.00000e+0, 2.82567e+1, 0.00000e+0, 2.86784e+1, 0.00000e+0, 2.73812e+0, 0.00000e+0, 2.41834e+0, 0.00000e+0, 2.00000e+1, 0.00000e+0, 1.50000e+1, 0.00000e+0, 3, -1, Disabled
06/17/2024 11:36:25.633, 06/17/2024 11:36:25.583, 4.11717e+0, 0.00000e+0, 9.84969e+1, 0.00000e+0, 1.70391e+0, 0.00000e+0, 1.58122e+4, 0.00000e+0, 1.85656e+4, 0.00000e+0, 4.41973e+2, 0.00000e+0, 1.73128e+0, 0.00000e+0, 4.49074e+2, 0.00000e+0, 5.04445e+2, 0.00000e+0, 2.82577e+1, 0.00000e+0, 2.87411e+1, 0.00000e+0, 2.73651e+0, 0.00000e+0, 2.41863e+0, 0.00000e+0, 2.00000e+1, 0.00000e+0, 1.50000e+1, 0.00000e+0, 3, -1, Disabled
06/17/2024 11:36:26.626, 06/17/2024 11:36:26.578, 4.11728e+0, 0.00000e+0, 9.84996e+1, 0.00000e+0, 1.69619e+0, 0.00000e+0, 1.61678e+4, 0.00000e+0, 1.87550e+4, 0.00000e+0, 4.38569e+2, 0.00000e+0, 1.72407e+0, 0.00000e+0, 4.45777e+2, 0.00000e+0, 5.04195e+2, 0.00000e+0, 2.82582e+1, 0.00000e+0, 2.87186e+1, 0.00000e+0, 2.73680e+0, 0.00000e+0, 2.41807e+0, 0.00000e+0, 2.00000e+1, 0.00000e+0, 1.50000e+1, 0.00000e+0, 3, -1, Disabled
06/17/2024 11:36:27.621, 06/17/2024 11:36:27.572, 4.11769e+0, 0.00000e+0, 9.85093e+1, 0.00000e+0, 1.69657e+0, 0.00000e+0, 1.62466e+4, 0.00000e+0, 1.84790e+4, 0.00000e+0, 4.34914e+2, 0.00000e+0, 1.72459e+0, 0.00000e+0, 4.42096e+2, 0.00000e+0, 5.04451e+2, 0.00000e+0, 2.82584e+1, 0.00000e+0, 2.87177e+1, 0.00000e+0, 2.73678e+0, 0.00000e+0, 2.41943e+0, 0.00000e+0, 2.00000e+1, 0.00000e+0, 1.50000e+1, 0.00000e+0, 3, -1, Disabled
06/17/2024 11:36:28.625, 06/17/2024 11:36:28.567, 4.11722e+0, 0.00000e+0, 9.84981e+1, 0.00000e+0, 1.69952e+0, 0.00000e+0, 1.56191e+4, 0.00000e+0, 1.82270e+4, 0.00000e+0, 4.35333e+2, 0.00000e+0, 1.72649e+0, 0.00000e+0, 4.42240e+2, 0.00000e+0, 5.04416e+2, 0.00000e+0, 2.82591e+1, 0.00000e+0, 2.87819e+1, 0.00000e+0, 2.73663e+0, 0.00000e+0, 2.41945e+0, 0.00000e+0, 2.00000e+1, 0.00000e+0, 1.50000e+1, 0.00000e+0, 3, -1, Disabled
06/17/2024 11:36:29.616, 06/17/2024 11:36:29.561, 4.11742e+0, 0.00000e+0, 9.85028e+1, 0.00000e+0, 1.70413e+0, 0.00000e+0, 1.57189e+4, 0.00000e+0, 1.82754e+4, 0.00000e+0, 4.37336e+2, 0.00000e+0, 1.73134e+0, 0.00000e+0, 4.44320e+2, 0.00000e+0, 5.04094e+2, 0.00000e+0, 2.82580e+1, 0.00000e+0, 2.87575e+1, 0.00000e+0, 2.73723e+0, 0.00000e+0, 2.41829e+0, 0.00000e+0, 2.00000e+1, 0.00000e+0, 1.50000e+1, 0.00000e+0, 3, -1, Disabled
06/17/2024 11:36:30.610, 06/17/2024 11:36:30.557, 4.11732e+0, 0.00000e+0, 9.85004e+1, 0.00000e+0, 1.69758e+0, 0.00000e+0, 1.60976e+4, 0.00000e+0, 1.89345e+4, 0.00000e+0, 4.34399e+2, 0.00000e+0, 1.72535e+0, 0.00000e+0, 4.41506e+2, 0.00000e+0, 5.04491e+2, 0.00000e+0, 2.82580e+1, 0.00000e+0, 2.87399e+1, 0.00000e+0, 2.73692e+0, 0.00000e+0, 2.41860e+0, 0.00000e+0, 2.00000e+1, 0.00000e+0, 1.50000e+1, 0.00000e+0, 3, -1, Disabled
06/17/2024 11:36:31.610, 06/17/2024 11:36:31.550, 4.11715e+0, 0.00000e+0, 9.84965e+1, 0.00000e+0, 1.69203e+0, 0.00000e+0, 1.58683e+4, 0.00000e+0, 1.86214e+4, 0.00000e+0, 4.33422e+2, 0.00000e+0, 1.71931e+0, 0.00000e+0, 4.40410e+2, 0.00000e+0, 5.04319e+2, 0.00000e+0, 2.82597e+1, 0.00000e+0, 2.87573e+1, 0.00000e+0, 2.73692e+0, 0.00000e+0, 2.41832e+0, 0.00000e+0, 2.00000e+1, 0.00000e+0, 1.50000e+1, 0.00000e+0, 3, -1, Disabled
06/17/2024 11:36:32.597, 06/17/2024 11:36:32.545, 4.11741e+0, 0.00000e+0, 9.85026e+1, 0.00000e+0, 1.70522e+0, 0.00000e+0, 1.60264e+4, 0.00000e+0, 1.87591e+4, 0.00000e+0, 4.34147e+2, 0.00000e+0, 1.73300e+0, 0.00000e+0, 4.41218e+2, 0.00000e+0, 5.04254e+2, 0.00000e+0, 2.82607e+1, 0.00000e+0, 2.87093e+1, 0.00000e+0, 2.73818e+0, 0.00000e+0, 2.41784e+0, 0.00000e+0, 2.00000e+1, 0.00000e+0, 1.50000e+1, 0.00000e+0, 3, -1, Disabled
06/17/2024 11:36:33.587, 06/17/2024 11:36:33.539, 4.11772e+0, 0.00000e+0, 9.85100e+1, 0.00000e+0, 1.69507e+0, 0.00000e+0, 1.56995e+4, 0.00000e+0, 1.82069e+4, 0.00000e+0, 4.33696e+2, 0.00000e+0, 1.72210e+0, 0.00000e+0, 4.40613e+2, 0.00000e+0, 5.04384e+2, 0.00000e+0, 2.82604e+1, 0.00000e+0, 2.87423e+1, 0.00000e+0, 2.73731e+0, 0.00000e+0, 2.41903e+0, 0.00000e+0, 2.00000e+1, 0.00000e+0, 1.50000e+1, 0.00000e+0, 3, -1, Disabled
06/17/2024 11:36:34.583, 06/17/2024 11:36:34.534, 4.11742e+0, 0.00000e+0, 9.85029e+1, 0.00000e+0, 1.69815e+0, 0.00000e+0, 1.60521e+4, 0.00000e+0, 1.88205e+4, 0.00000e+0, 4.32292e+2, 0.00000e+0, 1.72586e+0, 0.00000e+0, 4.39344e+2, 0.00000e+0, 5.04300e+2, 0.00000e+0, 2.82597e+1, 0.00000e+0, 2.87752e+1, 0.00000e+0, 2.73687e+0, 0.00000e+0, 2.41826e+0, 0.00000e+0, 2.00000e+1, 0.00000e+0, 1.50000e+1, 0.00000e+0, 3, -1, Disabled
06/17/2024 11:36:35.594, 06/17/2024 11:36:35.529, 4.11738e+0, 0.00000e+0, 9.85019e+1, 0.00000e+0, 1.69670e+0, 0.00000e+0, 1.60403e+4, 0.00000e+0, 1.90238e+4, 0.00000e+0, 4.32898e+2, 0.00000e+0, 1.72436e+0, 0.00000e+0, 4.39955e+2, 0.00000e+0, 5.04266e+2, 0.00000e+0, 2.82599e+1, 0.00000e+0, 2.87353e+1, 0.00000e+0, 2.73705e+0, 0.00000e+0, 2.41834e+0, 0.00000e+0, 2.00000e+1, 0.00000e+0, 1.50000e+1, 0.00000e+0, 3, -1, Disabled
06/17/2024 11:36:36.581, 06/17/2024 11:36:36.523, 4.11736e+0, 0.00000e+0, 9.85014e+1, 0.00000e+0, 1.70168e+0, 0.00000e+0, 1.59667e+4, 0.00000e+0, 1.88048e+4, 0.00000e+0, 4.31489e+2, 0.00000e+0, 1.72929e+0, 0.00000e+0, 4.38490e+2, 0.00000e+0, 5.04428e+2, 0.00000e+0, 2.82575e+1, 0.00000e+0, 2.87813e+1, 0.00000e+0, 2.73766e+0, 0.00000e+0, 2.41902e+0, 0.00000e+0, 2.00000e+1, 0.00000e+0, 7.00000e+0, 0.00000e+0, 3, -1, Disabled
06/17/2024 11:36:37.573, 06/17/2024 11:36:37.519, 4.11724e+0, 0.00000e+0, 9.84986e+1, 0.00000e+0, 1.70656e+0, 0.00000e+0, 1.59555e+4, 0.00000e+0, 1.88276e+4, 0.00000e+0, 4.33381e+2, 0.00000e+0, 1.73423e+0, 0.00000e+0, 4.40408e+2, 0.00000e+0, 5.04309e+2, 0.00000e+0, 2.82569e+1, 0.00000e+0, 2.87838e+1, 0.00000e+0, 2.73777e+0, 0.00000e+0, 2.41895e+0, 0.00000e+0, 2.00000e+1, 0.00000e+0, 7.00000e+0, 0.00000e+0, 3, -1, Disabled
06/17/2024 11:36:38.565, 06/17/2024 11:36:38.512, 4.11726e+0, 0.00000e+0, 9.84989e+1, 0.00000e+0, 1.69709e+0, 0.00000e+0, 1.56828e+4, 0.00000e+0, 1.83739e+4, 0.00000e+0, 4.29692e+2, 0.00000e+0, 1.72413e+0, 0.00000e+0, 4.36538e+2, 0.00000e+0, 5.04230e+2, 0.00000e+0, 2.82563e+1, 0.00000e+0, 2.87422e+1, 0.00000e+0, 2.73810e+0, 0.00000e+0, 2.41984e+0, 0.00000e+0, 2.00000e+1, 0.00000e+0, 7.00000e+0, 0.00000e+0, 3, -1, Disabled
06/17/2024 11:36:39.566, 06/17/2024 11:36:39.507, 4.11710e+0, 0.00000e+0, 9.84951e+1, 0.00000e+0, 1.70201e+0, 0.00000e+0, 1.60148e+4, 0.00000e+0, 1.84976e+4, 0.00000e+0, 4.30097e+2, 0.00000e+0, 1.72971e+0, 0.00000e+0, 4.37097e+2, 0.00000e+0, 5.04493e+2, 0.00000e+0, 2.82582e+1, 0.00000e+0, 2.87951e+1, 0.00000e+0, 2.73566e+0, 0.00000e+0, 2.41931e+0, 0.00000e+0, 2.00000e+1, 0.00000e+0, 7.00000e+0, 0.00000e+0, 3, -1, Disabled
06/17/2024 11:36:40.552, 06/17/2024 11:36:40.501, 4.11681e+0, 0.00000e+0, 9.84884e+1, 0.00000e+0, 1.70179e+0, 0.00000e+0, 1.57868e+4, 0.00000e+0, 1.87338e+4, 0.00000e+0, 4.34278e+2, 0.00000e+0, 1.72909e+0, 0.00000e+0, 4.41244e+2, 0.00000e+0, 5.04305e+2, 0.00000e+0, 2.82621e+1, 0.00000e+0, 2.88124e+1, 0.00000e+0, 2.73635e+0, 0.00000e+0, 2.41741e+0, 0.00000e+0, 2.00000e+1, 0.00000e+0, 7.00000e+0, 0.00000e+0, 3, -1, Disabled
06/17/2024 11:36:41.548, 06/17/2024 11:36:41.496, 4.11741e+0, 0.00000e+0, 9.85025e+1, 0.00000e+0, 1.69688e+0, 0.00000e+0, 1.55672e+4, 0.00000e+0, 1.88246e+4, 0.00000e+0, 4.36753e+2, 0.00000e+0, 1.72372e+0, 0.00000e+0, 4.43660e+2, 0.00000e+0, 5.04314e+2, 0.00000e+0, 2.82588e+1, 0.00000e+0, 2.87721e+1, 0.00000e+0, 2.73655e+0, 0.00000e+0, 2.41764e+0, 0.00000e+0, 2.00000e+1, 0.00000e+0, 7.00000e+0, 0.00000e+0, 3, -1, Disabled
06/17/2024 11:36:42.543, 06/17/2024 11:36:42.490, 4.11748e+0, 0.00000e+0, 9.85043e+1, 0.00000e+0, 1.69928e+0, 0.00000e+0, 1.62592e+4, 0.00000e+0, 1.91810e+4, 0.00000e+0, 4.30574e+2, 0.00000e+0, 1.72737e+0, 0.00000e+0, 4.37690e+2, 0.00000e+0, 5.04394e+2, 0.00000e+0, 2.82609e+1, 0.00000e+0, 2.87926e+1, 0.00000e+0, 2.73604e+0, 0.00000e+0, 2.41877e+0, 0.00000e+0, 2.00000e+1, 0.00000e+0, 7.00000e+0, 0.00000e+0, 3, -1, Disabled
06/17/2024 11:36:43.539, 06/17/2024 11:36:43.485, 4.11715e+0, 0.00000e+0, 9.84963e+1, 0.00000e+0, 1.70059e+0, 0.00000e+0, 1.60584e+4, 0.00000e+0, 1.87545e+4, 0.00000e+0, 4.33790e+2, 0.00000e+0, 1.72834e+0, 0.00000e+0, 4.40869e+2, 0.00000e+0, 5.04298e+2, 0.00000e+0, 2.82608e+1, 0.00000e+0, 2.87940e+1, 0.00000e+0, 2.73680e+0, 0.00000e+0, 2.41848e+0, 0.00000e+0, 2.00000e+1, 0.00000e+0, 7.00000e+0, 0.00000e+0, 3, -1, Disabled
06/17/2024 11:36:44.535, 06/17/2024 11:36:44.480, 4.11729e+0, 0.00000e+0, 9.84999e+1, 0.00000e+0, 1.70024e+0, 0.00000e+0, 1.61843e+4, 0.00000e+0, 1.87325e+4, 0.00000e+0, 4.35932e+2, 0.00000e+0, 1.72821e+0, 0.00000e+0, 4.43103e+2, 0.00000e+0, 5.04366e+2, 0.00000e+0, 2.82666e+1, 0.00000e+0, 2.87204e+1, 0.00000e+0, 2.73653e+0, 0.00000e+0, 2.41783e+0, 0.00000e+0, 2.00000e+1, 0.00000e+0, 7.00000e+0, 0.00000e+0, 3, -1, Disabled
06/17/2024 11:36:45.532, 06/17/2024 11:36:45.474, 4.11703e+0, 0.00000e+0, 9.84935e+1, 0.00000e+0, 1.70633e+0, 0.00000e+0, 1.59745e+4, 0.00000e+0, 1.87892e+4, 0.00000e+0, 4.33391e+2, 0.00000e+0, 1.73403e+0, 0.00000e+0, 4.40427e+2, 0.00000e+0, 5.04372e+2, 0.00000e+0, 2.82629e+1, 0.00000e+0, 2.87688e+1, 0.00000e+0, 2.73860e+0, 0.00000e+0, 2.41857e+0, 0.00000e+0, 2.00000e+1, 0.00000e+0, 7.00000e+0, 0.00000e+0, 3, -1, Disabled
06/17/2024 11:36:46.526, 06/17/2024 11:36:46.468, 4.11690e+0, 0.00000e+0, 9.84904e+1, 0.00000e+0, 1.69637e+0, 0.00000e+0, 1.58004e+4, 0.00000e+0, 1.85370e+4, 0.00000e+0, 4.34024e+2, 0.00000e+0, 1.72360e+0, 0.00000e+0, 4.40992e+2, 0.00000e+0, 5.04243e+2, 0.00000e+0, 2.82647e+1, 0.00000e+0, 2.87327e+1, 0.00000e+0, 2.73755e+0, 0.00000e+0, 2.41877e+0, 0.00000e+0, 2.00000e+1, 0.00000e+0, 7.00000e+0, 0.00000e+0, 3, -1, Disabled
06/17/2024 11:36:47.512, 06/17/2024 11:36:47.463, 4.11761e+0, 0.00000e+0, 9.85074e+1, 0.00000e+0, 1.70507e+0, 0.00000e+0, 1.58297e+4, 0.00000e+0, 1.83057e+4, 0.00000e+0, 4.32971e+2, 0.00000e+0, 1.73249e+0, 0.00000e+0, 4.39935e+2, 0.00000e+0, 5.04192e+2, 0.00000e+0, 2.82689e+1, 0.00000e+0, 2.87038e+1, 0.00000e+0, 2.73714e+0, 0.00000e+0, 2.41870e+0, 0.00000e+0, 2.00000e+1, 0.00000e+0, 7.00000e+0, 0.00000e+0, 3, -1, Disabled
06/17/2024 11:36:48.511, 06/17/2024 11:36:48.458, 4.11737e+0, 0.00000e+0, 9.85018e+1, 0.00000e+0, 1.70020e+0, 0.00000e+0, 1.59627e+4, 0.00000e+0, 1.86440e+4, 0.00000e+0, 4.32551e+2, 0.00000e+0, 1.72778e+0, 0.00000e+0, 4.39567e+2, 0.00000e+0, 5.04453e+2, 0.00000e+0, 2.82697e+1, 0.00000e+0, 2.87635e+1, 0.00000e+0, 2.73747e+0, 0.00000e+0, 2.41811e+0, 0.00000e+0, 2.00000e+1, 0.00000e+0, 7.00000e+0, 0.00000e+0, 3, -1, Disabled
06/17/2024 11:36:49.501, 06/17/2024 11:36:49.452, 4.11773e+0, 0.00000e+0, 9.85103e+1, 0.00000e+0, 1.69590e+0, 0.00000e+0, 1.57622e+4, 0.00000e+0, 1.86247e+4, 0.00000e+0, 4.35086e+2, 0.00000e+0, 1.72306e+0, 0.00000e+0, 4.42053e+2, 0.00000e+0, 5.04189e+2, 0.00000e+0, 2.82693e+1, 0.00000e+0, 2.87582e+1, 0.00000e+0, 2.73612e+0, 0.00000e+0, 2.41792e+0, 0.00000e+0, 2.00000e+1, 0.00000e+0, 7.00000e+0, 0.00000e+0, 3, -1, Disabled
06/17/2024 11:36:50.506, 06/17/2024 11:36:50.447, 4.11778e+0, 0.00000e+0, 9.85115e+1, 0.00000e+0, 1.69523e+0, 0.00000e+0, 1.57984e+4, 0.00000e+0, 1.85545e+4, 0.00000e+0, 4.42160e+2, 0.00000e+0, 1.72244e+0, 0.00000e+0, 4.49257e+2, 0.00000e+0, 5.04229e+2, 0.00000e+0, 2.82669e+1, 0.00000e+0, 2.87182e+1, 0.00000e+0, 2.73599e+0, 0.00000e+0, 2.41766e+0, 0.00000e+0, 2.00000e+1, 0.00000e+0, 7.00000e+0, 0.00000e+0, 3, -1, Disabled
06/17/2024 11:36:51.497, 06/17/2024 11:36:51.442, 4.11706e+0, 0.00000e+0, 9.84943e+1, 0.00000e+0, 1.69783e+0, 0.00000e+0, 1.61695e+4, 0.00000e+0, 1.88803e+4, 0.00000e+0, 4.38957e+2, 0.00000e+0, 1.72573e+0, 0.00000e+0, 4.46172e+2, 0.00000e+0, 5.04460e+2, 0.00000e+0, 2.82681e+1, 0.00000e+0, 2.87970e+1, 0.00000e+0, 2.73772e+0, 0.00000e+0, 2.41763e+0, 0.00000e+0, 2.00000e+1, 0.00000e+0, 7.00000e+0, 0.00000e+0, 3, -1, Disabled
06/17/2024 11:36:52.488, 06/17/2024 11:36:52.436, 4.11709e+0, 0.00000e+0, 9.84949e+1, 0.00000e+0, 1.70025e+0, 0.00000e+0, 1.56250e+4, 0.00000e+0, 1.85536e+4, 0.00000e+0, 4.41741e+2, 0.00000e+0, 1.72724e+0, 0.00000e+0, 4.48752e+2, 0.00000e+0, 5.04380e+2, 0.00000e+0, 2.82683e+1, 0.00000e+0, 2.88114e+1, 0.00000e+0, 2.73724e+0, 0.00000e+0, 2.41712e+0, 0.00000e+0, 2.00000e+1, 0.00000e+0, 7.00000e+0, 0.00000e+0, 3, -1, Disabled
06/17/2024 11:36:53.485, 06/17/2024 11:36:53.432, 4.11739e+0, 0.00000e+0, 9.85020e+1, 0.00000e+0, 1.69722e+0, 0.00000e+0, 1.59029e+4, 0.00000e+0, 1.88763e+4, 0.00000e+0, 4.44100e+2, 0.00000e+0, 1.72465e+0, 0.00000e+0, 4.51277e+2, 0.00000e+0, 5.04308e+2, 0.00000e+0, 2.82686e+1, 0.00000e+0, 2.87674e+1, 0.00000e+0, 2.73708e+0, 0.00000e+0, 2.41870e+0, 0.00000e+0, 2.00000e+1, 0.00000e+0, 7.00000e+0, 0.00000e+0, 3, -1, Disabled
06/17/2024 11:36:54.479, 06/17/2024 11:36:54.425, 4.11740e+0, 0.00000e+0, 9.85024e+1, 0.00000e+0, 1.71106e+0, 0.00000e+0, 1.61813e+4, 0.00000e+0, 1.89724e+4, 0.00000e+0, 4.46159e+2, 0.00000e+0, 1.73920e+0, 0.00000e+0, 4.53498e+2, 0.00000e+0, 5.04405e+2, 0.00000e+0, 2.82675e+1, 0.00000e+0, 2.88107e+1, 0.00000e+0, 2.73791e+0, 0.00000e+0, 2.41849e+0, 0.00000e+0, 2.00000e+1, 0.00000e+0, 7.00000e+0, 0.00000e+0, 3, -1, Disabled
06/17/2024 11:36:55.472, 06/17/2024 11:36:55.419, 4.11689e+0, 0.00000e+0, 9.84901e+1, 0.00000e+0, 1.70652e+0, 0.00000e+0, 1.56088e+4, 0.00000e+0, 1.84870e+4, 0.00000e+0, 4.49328e+2, 0.00000e+0, 1.73357e+0, 0.00000e+0, 4.56453e+2, 0.00000e+0, 5.04347e+2, 0.00000e+0, 2.82658e+1, 0.00000e+0, 2.87978e+1, 0.00000e+0, 2.73764e+0, 0.00000e+0, 2.41730e+0, 0.00000e+0, 2.00000e+1, 0.00000e+0, 7.00000e+0, 0.00000e+0, 3, -1, Disabled
06/17/2024 11:36:56.466, 06/17/2024 11:36:56.414, 4.11791e+0, 0.00000e+0, 9.85145e+1, 0.00000e+0, 1.70263e+0, 0.00000e+0, 1.59505e+4, 0.00000e+0, 1.88948e+4, 0.00000e+0, 4.48960e+2, 0.00000e+0, 1.73023e+0, 0.00000e+0, 4.56238e+2, 0.00000e+0, 5.04326e+2, 0.00000e+0, 2.82652e+1, 0.00000e+0, 2.87338e+1, 0.00000e+0, 2.73718e+0, 0.00000e+0, 2.41726e+0, 0.00000e+0, 2.00000e+1, 0.00000e+0, 7.00000e+0, 0.00000e+0, 3, -1, Disabled
06/17/2024 11:36:57.461, 06/17/2024 11:36:57.409, 4.11748e+0, 0.00000e+0, 9.85043e+1, 0.00000e+0, 1.69810e+0, 0.00000e+0, 1.60776e+4, 0.00000e+0, 1.85444e+4, 0.00000e+0, 4.46310e+2, 0.00000e+0, 1.72585e+0, 0.00000e+0, 4.53603e+2, 0.00000e+0, 5.04419e+2, 0.00000e+0, 2.82653e+1, 0.00000e+0, 2.87861e+1, 0.00000e+0, 2.73694e+0, 0.00000e+0, 2.41902e+0, 0.00000e+0, 2.00000e+1, 0.00000e+0, 7.00000e+0, 0.00000e+0, 3, -1, Disabled
06/17/2024 11:36:58.456, 06/17/2024 11:36:58.403, 4.11729e+0, 0.00000e+0, 9.84997e+1, 0.00000e+0, 1.70603e+0, 0.00000e+0, 1.59773e+4, 0.00000e+0, 1.85713e+4, 0.00000e+0, 4.47837e+2, 0.00000e+0, 1.73373e+0, 0.00000e+0, 4.55108e+2, 0.00000e+0, 5.04227e+2, 0.00000e+0, 2.82644e+1, 0.00000e+0, 2.87205e+1, 0.00000e+0, 2.73705e+0, 0.00000e+0, 2.41793e+0, 0.00000e+0, 2.00000e+1, 0.00000e+0, 7.00000e+0, 0.00000e+0, 3, -1, Disabled
06/17/2024 11:36:59.453, 06/17/2024 11:36:59.399, 4.11763e+0, 0.00000e+0, 9.85078e+1, 0.00000e+0, 1.69752e+0, 0.00000e+0, 1.56445e+4, 0.00000e+0, 1.85224e+4, 0.00000e+0, 4.43947e+2, 0.00000e+0, 1.72449e+0, 0.00000e+0, 4.51002e+2, 0.00000e+0, 5.04504e+2, 0.00000e+0, 2.82661e+1, 0.00000e+0, 2.87552e+1, 0.00000e+0, 2.73644e+0, 0.00000e+0, 2.41746e+0, 0.00000e+0, 2.00000e+1, 0.00000e+0, 7.00000e+0, 0.00000e+0, 3, -1, Disabled
06/17/2024 11:37:00.448, 06/17/2024 11:37:00.392, 4.11674e+0, 0.00000e+0, 9.84866e+1, 0.00000e+0, 1.69837e+0, 0.00000e+0, 1.54639e+4, 0.00000e+0, 1.85370e+4, 0.00000e+0, 4.40624e+2, 0.00000e+0, 1.72504e+0, 0.00000e+0, 4.47545e+2, 0.00000e+0, 5.04234e+2, 0.00000e+0, 2.82662e+1, 0.00000e+0, 2.87981e+1, 0.00000e+0, 2.73693e+0, 0.00000e+0, 2.41752e+0, 0.00000e+0, 2.00000e+1, 0.00000e+0, 7.00000e+0, 0.00000e+0, 3, -1, Disabled
06/17/2024 11:37:01.441, 06/17/2024 11:37:01.387, 4.11741e+0, 0.00000e+0, 9.85026e+1, 0.00000e+0, 1.70774e+0, 0.00000e+0, 1.57596e+4, 0.00000e+0, 1.84757e+4, 0.00000e+0, 4.39281e+2, 0.00000e+0, 1.73508e+0, 0.00000e+0, 4.46315e+2, 0.00000e+0, 5.04176e+2, 0.00000e+0, 2.82667e+1, 0.00000e+0, 2.87898e+1, 0.00000e+0, 2.73706e+0, 0.00000e+0, 2.41841e+0, 0.00000e+0, 2.00000e+1, 0.00000e+0, 7.00000e+0, 0.00000e+0, 3, -1, Disabled
06/17/2024 11:37:02.442, 06/17/2024 11:37:02.381, 4.11698e+0, 0.00000e+0, 9.84923e+1, 0.00000e+0, 1.70366e+0, 0.00000e+0, 1.58520e+4, 0.00000e+0, 1.83880e+4, 0.00000e+0, 4.39644e+2, 0.00000e+0, 1.73110e+0, 0.00000e+0, 4.46725e+2, 0.00000e+0, 5.04443e+2, 0.00000e+0, 2.82664e+1, 0.00000e+0, 2.87988e+1, 0.00000e+0, 2.73635e+0, 0.00000e+0, 2.41727e+0, 0.00000e+0, 2.00000e+1, 0.00000e+0, 7.00000e+0, 0.00000e+0, 3, -1, Disabled
06/17/2024 11:37:03.432, 06/17/2024 11:37:03.376, 4.11710e+0, 0.00000e+0, 9.84952e+1, 0.00000e+0, 1.69712e+0, 0.00000e+0, 1.57667e+4, 0.00000e+0, 1.90319e+4, 0.00000e+0, 4.39787e+2, 0.00000e+0, 1.72431e+0, 0.00000e+0, 4.46832e+2, 0.00000e+0, 5.04289e+2, 0.00000e+0, 2.82674e+1, 0.00000e+0, 2.88196e+1, 0.00000e+0, 2.73737e+0, 0.00000e+0, 2.41753e+0, 0.00000e+0, 2.00000e+1, 0.00000e+0, 7.00000e+0, 0.00000e+0, 3, -1, Disabled
06/17/2024 11:37:04.425, 06/17/2024 11:37:04.370, 4.11754e+0, 0.00000e+0, 9.85059e+1, 0.00000e+0, 1.70347e+0, 0.00000e+0, 1.59142e+4, 0.00000e+0, 1.86505e+4, 0.00000e+0, 4.39635e+2, 0.00000e+0, 1.73102e+0, 0.00000e+0, 4.46744e+2, 0.00000e+0, 5.04381e+2, 0.00000e+0, 2.82674e+1, 0.00000e+0, 2.87481e+1, 0.00000e+0, 2.73538e+0, 0.00000e+0, 2.41800e+0, 0.00000e+0, 2.00000e+1, 0.00000e+0, 7.00000e+0, 0.00000e+0, 3, -1, Disabled
06/17/2024 11:37:05.413, 06/17/2024 11:37:05.365, 4.11745e+0, 0.00000e+0, 9.85036e+1, 0.00000e+0, 1.70380e+0, 0.00000e+0, 1.59438e+4, 0.00000e+0, 1.87217e+4, 0.00000e+0, 4.39511e+2, 0.00000e+0, 1.73141e+0, 0.00000e+0, 4.46632e+2, 0.00000e+0, 5.04410e+2, 0.00000e+0, 2.82672e+1, 0.00000e+0, 2.87869e+1, 0.00000e+0, 2.73874e+0, 0.00000e+0, 2.41745e+0, 0.00000e+0, 2.00000e+1, 0.00000e+0, 7.00000e+0, 0.00000e+0, 3, -1, Disabled
06/17/2024 11:37:06.417, 06/17/2024 11:37:06.360, 4.11727e+0, 0.00000e+0, 9.84993e+1, 0.00000e+0, 1.69853e+0, 0.00000e+0, 1.60847e+4, 0.00000e+0, 1.86727e+4, 0.00000e+0, 4.37174e+2, 0.00000e+0, 1.72630e+0, 0.00000e+0, 4.44321e+2, 0.00000e+0, 5.04229e+2, 0.00000e+0, 2.82675e+1, 0.00000e+0, 2.87722e+1, 0.00000e+0, 2.73777e+0, 0.00000e+0, 2.41875e+0, 0.00000e+0, 2.00000e+1, 0.00000e+0, 7.00000e+0, 0.00000e+0, 3, -1, Disabled
06/17/2024 11:37:07.405, 06/17/2024 11:37:07.354, 4.11774e+0, 0.00000e+0, 9.85104e+1, 0.00000e+0, 1.70267e+0, 0.00000e+0, 1.56261e+4, 0.00000e+0, 1.83344e+4, 0.00000e+0, 4.39314e+2, 0.00000e+0, 1.72970e+0, 0.00000e+0, 4.46287e+2, 0.00000e+0, 5.04312e+2, 0.00000e+0, 2.82699e+1, 0.00000e+0, 2.87617e+1, 0.00000e+0, 2.73931e+0, 0.00000e+0, 2.41768e+0, 0.00000e+0, 2.00000e+1, 0.00000e+0, 7.00000e+0, 0.00000e+0, 3, -1, Disabled
06/17/2024 11:37:08.405, 06/17/2024 11:37:08.348, 4.11715e+0, 0.00000e+0, 9.84964e+1, 0.00000e+0, 1.70634e+0, 0.00000e+0, 1.53140e+4, 0.00000e+0, 1.79296e+4, 0.00000e+0, 4.01807e+2, 0.00000e+0, 1.73288e+0, 0.00000e+0, 4.08056e+2, 0.00000e+0, 5.04457e+2, 0.00000e+0, 2.82721e+1, 0.00000e+0, 2.88530e+1, 0.00000e+0, 2.73702e+0, 0.00000e+0, 2.41736e+0, 0.00000e+0, 2.00000e+1, 0.00000e+0, 7.00000e+0, 0.00000e+0, 3, -1, Disabled
06/17/2024 11:37:09.406, 06/17/2024 11:37:09.344, 4.11675e+0, 0.00000e+0, 9.84869e+1, 0.00000e+0, 1.70826e+0, 0.00000e+0, 1.51383e+4, 0.00000e+0, 1.79794e+4, 0.00000e+0, 3.79264e+2, 0.00000e+0, 1.73452e+0, 0.00000e+0, 3.85094e+2, 0.00000e+0, 5.04276e+2, 0.00000e+0, 2.82720e+1, 0.00000e+0, 2.88088e+1, 0.00000e+0, 2.73697e+0, 0.00000e+0, 2.41831e+0, 0.00000e+0, 2.00000e+1, 0.00000e+0, 7.00000e+0, 0.00000e+0, 3, -1, Disabled
06/17/2024 11:37:10.400, 06/17/2024 11:37:10.338, 4.11758e+0, 0.00000e+0, 9.85066e+1, 0.00000e+0, 1.69615e+0, 0.00000e+0, 1.45453e+4, 0.00000e+0, 1.71838e+4, 0.00000e+0, 3.73431e+2, 0.00000e+0, 1.72118e+0, 0.00000e+0, 3.78943e+2, 0.00000e+0, 5.04419e+2, 0.00000e+0, 2.82733e+1, 0.00000e+0, 2.87597e+1, 0.00000e+0, 2.73758e+0, 0.00000e+0, 2.41868e+0, 0.00000e+0, 2.00000e+1, 0.00000e+0, 7.00000e+0, 0.00000e+0, 3, -1, Disabled
06/17/2024 11:37:11.390, 06/17/2024 11:37:11.332, 4.11719e+0, 0.00000e+0, 9.84974e+1, 0.00000e+0, 1.70116e+0, 0.00000e+0, 1.42873e+4, 0.00000e+0, 1.69892e+4, 0.00000e+0, 3.75251e+2, 0.00000e+0, 1.72581e+0, 0.00000e+0, 3.80690e+2, 0.00000e+0, 5.04420e+2, 0.00000e+0, 2.82726e+1, 0.00000e+0, 2.88210e+1, 0.00000e+0, 2.73845e+0, 0.00000e+0, 2.41769e+0, 0.00000e+0, 2.00000e+1, 0.00000e+0, 7.00000e+0, 0.00000e+0, 3, -1, Disabled
06/17/2024 11:37:12.377, 06/17/2024 11:37:12.327, 4.11729e+0, 0.00000e+0, 9.84997e+1, 0.00000e+0, 1.70342e+0, 0.00000e+0, 1.50509e+4, 0.00000e+0, 1.75919e+4, 0.00000e+0, 3.78027e+2, 0.00000e+0, 1.72945e+0, 0.00000e+0, 3.83803e+2, 0.00000e+0, 5.04280e+2, 0.00000e+0, 2.82734e+1, 0.00000e+0, 2.88417e+1, 0.00000e+0, 2.73787e+0, 0.00000e+0, 2.41912e+0, 0.00000e+0, 2.00000e+1, 0.00000e+0, 7.00000e+0, 0.00000e+0, 3, -1, Disabled
06/17/2024 11:37:13.372, 06/17/2024 11:37:13.322, 4.11716e+0, 0.00000e+0, 9.84966e+1, 0.00000e+0, 1.71513e+0, 0.00000e+0, 1.46257e+4, 0.00000e+0, 1.73855e+4, 0.00000e+0, 3.77130e+2, 0.00000e+0, 1.74059e+0, 0.00000e+0, 3.82727e+2, 0.00000e+0, 5.04456e+2, 0.00000e+0, 2.82737e+1, 0.00000e+0, 2.88401e+1, 0.00000e+0, 2.73850e+0, 0.00000e+0, 2.41772e+0, 0.00000e+0, 2.00000e+1, 0.00000e+0, 7.00000e+0, 0.00000e+0, 3, -1, Disabled
06/17/2024 11:37:14.371, 06/17/2024 11:37:14.315, 4.11733e+0, 0.00000e+0, 9.85008e+1, 0.00000e+0, 1.70614e+0, 0.00000e+0, 1.44435e+4, 0.00000e+0, 1.72144e+4, 0.00000e+0, 3.78183e+2, 0.00000e+0, 1.73114e+0, 0.00000e+0, 3.83726e+2, 0.00000e+0, 5.04336e+2, 0.00000e+0, 2.82736e+1, 0.00000e+0, 2.88475e+1, 0.00000e+0, 2.73918e+0, 0.00000e+0, 2.41785e+0, 0.00000e+0, 2.00000e+1, 0.00000e+0, 7.00000e+0, 0.00000e+0, 3, -1, Disabled
06/17/2024 11:37:15.364, 06/17/2024 11:37:15.310, 4.11754e+0, 0.00000e+0, 9.85057e+1, 0.00000e+0, 1.70041e+0, 0.00000e+0, 1.43148e+4, 0.00000e+0, 1.68821e+4, 0.00000e+0, 3.77504e+2, 0.00000e+0, 1.72511e+0, 0.00000e+0, 3.82986e+2, 0.00000e+0, 5.04236e+2, 0.00000e+0, 2.82722e+1, 0.00000e+0, 2.88035e+1, 0.00000e+0, 2.73931e+0, 0.00000e+0, 2.41800e+0, 0.00000e+0, 2.00000e+1, 0.00000e+0, 7.00000e+0, 0.00000e+0, 3, -1, Disabled
06/17/2024 11:37:16.355, 06/17/2024 11:37:16.305, 4.11744e+0, 0.00000e+0, 9.85032e+1, 0.00000e+0, 1.69953e+0, 0.00000e+0, 1.42539e+4, 0.00000e+0, 1.70381e+4, 0.00000e+0, 3.80229e+2, 0.00000e+0, 1.72411e+0, 0.00000e+0, 3.85727e+2, 0.00000e+0, 5.04455e+2, 0.00000e+0, 2.82740e+1, 0.00000e+0, 2.88475e+1, 0.00000e+0, 2.73949e+0, 0.00000e+0, 2.41838e+0, 0.00000e+0, 2.00000e+1, 0.00000e+0, 7.00000e+0, 0.00000e+0, 3, -1, Disabled
06/17/2024 11:37:17.356, 06/17/2024 11:37:17.299, 4.11626e+0, 0.00000e+0, 9.84752e+1, 0.00000e+0, 1.70817e+0, 0.00000e+0, 1.44781e+4, 0.00000e+0, 1.71928e+4, 0.00000e+0, 3.76270e+2, 0.00000e+0, 1.73326e+0, 0.00000e+0, 3.81797e+2, 0.00000e+0, 5.04266e+2, 0.00000e+0, 2.82719e+1, 0.00000e+0, 2.88212e+1, 0.00000e+0, 2.73869e+0, 0.00000e+0, 2.41781e+0, 0.00000e+0, 2.00000e+1, 0.00000e+0, 7.00000e+0, 0.00000e+0, 3, -1, Disabled
06/17/2024 11:37:18.352, 06/17/2024 11:37:18.295, 4.11722e+0, 0.00000e+0, 9.84980e+1, 0.00000e+0, 1.70827e+0, 0.00000e+0, 1.46297e+4, 0.00000e+0, 1.72021e+4, 0.00000e+0, 3.73004e+2, 0.00000e+0, 1.73363e+0, 0.00000e+0, 3.78542e+2, 0.00000e+0, 5.04293e+2, 0.00000e+0, 2.82700e+1, 0.00000e+0, 2.88186e+1, 0.00000e+0, 2.73651e+0, 0.00000e+0, 2.41785e+0, 0.00000e+0, 2.00000e+1, 0.00000e+0, 7.00000e+0, 0.00000e+0, 3, -1, Disabled
06/17/2024 11:37:19.337, 06/17/2024 11:37:19.288, 4.11696e+0, 0.00000e+0, 9.84918e+1, 0.00000e+0, 1.70678e+0, 0.00000e+0, 1.45669e+4, 0.00000e+0, 1.72893e+4, 0.00000e+0, 3.77897e+2, 0.00000e+0, 1.73201e+0, 0.00000e+0, 3.83483e+2, 0.00000e+0, 5.04487e+2, 0.00000e+0, 2.82700e+1, 0.00000e+0, 2.88359e+1, 0.00000e+0, 2.73847e+0, 0.00000e+0, 2.41831e+0, 0.00000e+0, 2.00000e+1, 0.00000e+0, 7.00000e+0, 0.00000e+0, 3, -1, Disabled
06/17/2024 11:37:20.333, 06/17/2024 11:37:20.283, 4.11763e+0, 0.00000e+0, 9.85080e+1, 0.00000e+0, 1.70850e+0, 0.00000e+0, 1.47833e+4, 0.00000e+0, 1.74944e+4, 0.00000e+0, 3.78224e+2, 0.00000e+0, 1.73414e+0, 0.00000e+0, 3.83899e+2, 0.00000e+0, 5.04295e+2, 0.00000e+0, 2.82711e+1, 0.00000e+0, 2.88149e+1, 0.00000e+0, 2.73901e+0, 0.00000e+0, 2.41855e+0, 0.00000e+0, 2.00000e+1, 0.00000e+0, 7.00000e+0, 0.00000e+0, 3, -1, Disabled
06/17/2024 11:37:21.341, 06/17/2024 11:37:21.278, 4.11796e+0, 0.00000e+0, 9.85158e+1, 0.00000e+0, 1.69893e+0, 0.00000e+0, 1.44194e+4, 0.00000e+0, 1.72194e+4, 0.00000e+0, 3.73959e+2, 0.00000e+0, 1.72378e+0, 0.00000e+0, 3.79430e+2, 0.00000e+0, 5.04308e+2, 0.00000e+0, 2.82709e+1, 0.00000e+0, 2.88083e+1, 0.00000e+0, 2.73754e+0, 0.00000e+0, 2.41697e+0, 0.00000e+0, 2.00000e+1, 0.00000e+0, 7.00000e+0, 0.00000e+0, 3, -1, Disabled
06/17/2024 11:37:22.322, 06/17/2024 11:37:22.272, 4.11705e+0, 0.00000e+0, 9.84939e+1, 0.00000e+0, 1.69574e+0, 0.00000e+0, 1.45010e+4, 0.00000e+0, 1.69580e+4, 0.00000e+0, 3.74456e+2, 0.00000e+0, 1.72069e+0, 0.00000e+0, 3.79966e+2, 0.00000e+0, 5.04459e+2, 0.00000e+0, 2.82729e+1, 0.00000e+0, 2.88836e+1, 0.00000e+0, 2.73863e+0, 0.00000e+0, 2.41815e+0, 0.00000e+0, 2.00000e+1, 0.00000e+0, 7.00000e+0, 0.00000e+0, 3, -1, Disabled
06/17/2024 11:37:23.321, 06/17/2024 11:37:23.266, 4.11725e+0, 0.00000e+0, 9.84989e+1, 0.00000e+0, 1.70123e+0, 0.00000e+0, 1.38903e+4, 0.00000e+0, 1.67132e+4, 0.00000e+0, 3.75629e+2, 0.00000e+0, 1.72519e+0, 0.00000e+0, 3.80920e+2, 0.00000e+0, 5.04244e+2, 0.00000e+0, 2.82721e+1, 0.00000e+0, 2.88237e+1, 0.00000e+0, 2.73899e+0, 0.00000e+0, 2.41837e+0, 0.00000e+0, 2.00000e+1, 0.00000e+0, 7.00000e+0, 0.00000e+0, 3, -1, Disabled
06/17/2024 11:37:24.310, 06/17/2024 11:37:24.261, 4.11740e+0, 0.00000e+0, 9.85024e+1, 0.00000e+0, 1.69771e+0, 0.00000e+0, 1.44695e+4, 0.00000e+0, 1.68934e+4, 0.00000e+0, 3.79325e+2, 0.00000e+0, 1.72264e+0, 0.00000e+0, 3.84894e+2, 0.00000e+0, 5.04370e+2, 0.00000e+0, 2.82731e+1, 0.00000e+0, 2.87968e+1, 0.00000e+0, 2.73753e+0, 0.00000e+0, 2.41775e+0, 0.00000e+0, 2.00000e+1, 0.00000e+0, 7.00000e+0, 0.00000e+0, 3, -1, Disabled
06/17/2024 11:37:25.312, 06/17/2024 11:37:25.255, 4.11660e+0, 0.00000e+0, 9.84833e+1, 0.00000e+0, 1.70504e+0, 0.00000e+0, 1.43696e+4, 0.00000e+0, 1.73718e+4, 0.00000e+0, 3.75388e+2, 0.00000e+0, 1.72990e+0, 0.00000e+0, 3.80861e+2, 0.00000e+0, 5.04354e+2, 0.00000e+0, 2.82719e+1, 0.00000e+0, 2.88379e+1, 0.00000e+0, 2.73847e+0, 0.00000e+0, 2.41737e+0, 0.00000e+0, 2.00000e+1, 0.00000e+0, 7.00000e+0, 0.00000e+0, 3, -1, Disabled
06/17/2024 11:37:26.305, 06/17/2024 11:37:26.250, 4.11707e+0, 0.00000e+0, 9.84945e+1, 0.00000e+0, 1.69791e+0, 0.00000e+0, 1.41378e+4, 0.00000e+0, 1.71217e+4, 0.00000e+0, 3.77105e+2, 0.00000e+0, 1.72226e+0, 0.00000e+0, 3.82513e+2, 0.00000e+0, 5.04226e+2, 0.00000e+0, 2.82712e+1, 0.00000e+0, 2.88465e+1, 0.00000e+0, 2.73926e+0, 0.00000e+0, 2.41822e+0, 0.00000e+0, 2.00000e+1, 0.00000e+0, 7.00000e+0, 0.00000e+0, 3, -1, Disabled
06/17/2024 11:37:27.298, 06/17/2024 11:37:27.246, 4.11762e+0, 0.00000e+0, 9.85076e+1, 0.00000e+0, 1.70195e+0, 0.00000e+0, 1.44532e+4, 0.00000e+0, 1.73030e+4, 0.00000e+0, 3.75608e+2, 0.00000e+0, 1.72691e+0, 0.00000e+0, 3.81116e+2, 0.00000e+0, 5.04433e+2, 0.00000e+0, 2.82694e+1, 0.00000e+0, 2.88215e+1, 0.00000e+0, 2.73792e+0, 0.00000e+0, 2.41776e+0, 0.00000e+0, 2.00000e+1, 0.00000e+0, 7.00000e+0, 0.00000e+0, 3, -1, Disabled
06/17/2024 11:37:28.291, 06/17/2024 11:37:28.239, 4.11704e+0, 0.00000e+0, 9.84938e+1, 0.00000e+0, 1.69710e+0, 0.00000e+0, 1.46039e+4, 0.00000e+0, 1.70171e+4, 0.00000e+0, 3.74506e+2, 0.00000e+0, 1.72225e+0, 0.00000e+0, 3.80056e+2, 0.00000e+0, 5.04312e+2, 0.00000e+0, 2.82716e+1, 0.00000e+0, 2.88677e+1, 0.00000e+0, 2.73802e+0, 0.00000e+0, 2.41811e+0, 0.00000e+0, 2.00000e+1, 0.00000e+0, 7.00000e+0, 0.00000e+0, 3, -1, Disabled
06/17/2024 11:37:29.286, 06/17/2024 11:37:29.234, 4.11742e+0, 0.00000e+0, 9.85028e+1, 0.00000e+0, 1.70449e+0, 0.00000e+0, 1.40080e+4, 0.00000e+0, 1.69445e+4, 0.00000e+0, 3.71650e+2, 0.00000e+0, 1.72870e+0, 0.00000e+0, 3.76930e+2, 0.00000e+0, 5.04316e+2, 0.00000e+0, 2.82715e+1, 0.00000e+0, 2.87710e+1, 0.00000e+0, 2.73902e+0, 0.00000e+0, 2.41866e+0, 0.00000e+0, 2.00000e+1, 0.00000e+0, 7.00000e+0, 0.00000e+0, 3, -1, Disabled
06/17/2024 11:37:30.276, 06/17/2024 11:37:30.228, 4.11728e+0, 0.00000e+0, 9.84996e+1, 0.00000e+0, 1.70384e+0, 0.00000e+0, 1.43371e+4, 0.00000e+0, 1.70653e+4, 0.00000e+0, 3.73079e+2, 0.00000e+0, 1.72863e+0, 0.00000e+0, 3.78506e+2, 0.00000e+0, 5.04436e+2, 0.00000e+0, 2.82730e+1, 0.00000e+0, 2.88562e+1, 0.00000e+0, 2.73775e+0, 0.00000e+0, 2.41854e+0, 0.00000e+0, 2.00000e+1, 0.00000e+0, 7.00000e+0, 0.00000e+0, 3, -1, Disabled
06/17/2024 11:37:31.270, 06/17/2024 11:37:31.223, 4.11738e+0, 0.00000e+0, 9.85019e+1, 0.00000e+0, 1.70541e+0, 0.00000e+0, 1.44465e+4, 0.00000e+0, 1.71601e+4, 0.00000e+0, 3.72724e+2, 0.00000e+0, 1.73041e+0, 0.00000e+0, 3.78187e+2, 0.00000e+0, 5.04281e+2, 0.00000e+0, 2.82729e+1, 0.00000e+0, 2.88376e+1, 0.00000e+0, 2.73814e+0, 0.00000e+0, 2.41963e+0, 0.00000e+0, 2.00000e+1, 0.00000e+0, 7.00000e+0, 0.00000e+0, 3, -1, Disabled
06/17/2024 11:37:32.269, 06/17/2024 11:37:32.217, 4.11700e+0, 0.00000e+0, 9.84929e+1, 0.00000e+0, 1.69938e+0, 0.00000e+0, 1.44102e+4, 0.00000e+0, 1.70863e+4, 0.00000e+0, 3.71696e+2, 0.00000e+0, 1.72423e+0, 0.00000e+0, 3.77130e+2, 0.00000e+0, 5.04386e+2, 0.00000e+0, 2.82728e+1, 0.00000e+0, 2.88299e+1, 0.00000e+0, 2.73915e+0, 0.00000e+0, 2.41910e+0, 0.00000e+0, 2.00000e+1, 0.00000e+0, 7.00000e+0, 0.00000e+0, 3, -1, Disabled
06/17/2024 11:37:33.269, 06/17/2024 11:37:33.212, 4.11716e+0, 0.00000e+0, 9.84967e+1, 0.00000e+0, 1.69578e+0, 0.00000e+0, 1.46460e+4, 0.00000e+0, 1.75488e+4, 0.00000e+0, 3.74891e+2, 0.00000e+0, 1.72099e+0, 0.00000e+0, 3.80463e+2, 0.00000e+0, 5.04414e+2, 0.00000e+0, 2.82750e+1, 0.00000e+0, 2.88421e+1, 0.00000e+0, 2.73806e+0, 0.00000e+0, 2.41871e+0, 0.00000e+0, 2.00000e+1, 0.00000e+0, 7.00000e+0, 0.00000e+0, 3, -1, Disabled
06/17/2024 11:37:34.257, 06/17/2024 11:37:34.207, 4.11708e+0, 0.00000e+0, 9.84946e+1, 0.00000e+0, 1.69832e+0, 0.00000e+0, 1.44735e+4, 0.00000e+0, 1.70594e+4, 0.00000e+0, 3.76928e+2, 0.00000e+0, 1.72326e+0, 0.00000e+0, 3.82463e+2, 0.00000e+0, 5.04296e+2, 0.00000e+0, 2.82750e+1, 0.00000e+0, 2.88171e+1, 0.00000e+0, 2.73903e+0, 0.00000e+0, 2.42015e+0, 0.00000e+0, 2.00000e+1, 0.00000e+0, 7.00000e+0, 0.00000e+0, 3, -1, Disabled
06/17/2024 11:37:35.260, 06/17/2024 11:37:35.202, 4.11765e+0, 0.00000e+0, 9.85083e+1, 0.00000e+0, 1.70443e+0, 0.00000e+0, 1.47311e+4, 0.00000e+0, 1.72507e+4, 0.00000e+0, 3.73191e+2, 0.00000e+0, 1.72992e+0, 0.00000e+0, 3.78771e+2, 0.00000e+0, 5.04481e+2, 0.00000e+0, 2.82765e+1, 0.00000e+0, 2.88443e+1, 0.00000e+0, 2.73773e+0, 0.00000e+0, 2.41821e+0, 0.00000e+0, 2.00000e+1, 0.00000e+0, 7.00000e+0, 0.00000e+0, 3, -1, Disabled
06/17/2024 11:37:36.254, 06/17/2024 11:37:36.195, 4.11734e+0, 0.00000e+0, 9.85010e+1, 0.00000e+0, 1.69638e+0, 0.00000e+0, 1.45778e+4, 0.00000e+0, 1.71675e+4, 0.00000e+0, 3.71138e+2, 0.00000e+0, 1.72148e+0, 0.00000e+0, 3.76629e+2, 0.00000e+0, 5.04335e+2, 0.00000e+0, 2.82775e+1, 0.00000e+0, 2.88591e+1, 0.00000e+0, 2.73776e+0, 0.00000e+0, 2.41895e+0, 0.00000e+0, 2.00000e+1, 0.00000e+0, 7.00000e+0, 0.00000e+0, 3, -1, Disabled
06/17/2024 11:37:37.243, 06/17/2024 11:37:37.190, 4.11791e+0, 0.00000e+0, 9.85146e+1, 0.00000e+0, 1.69665e+0, 0.00000e+0, 1.45768e+4, 0.00000e+0, 1.72398e+4, 0.00000e+0, 3.75505e+2, 0.00000e+0, 1.72175e+0, 0.00000e+0, 3.81060e+2, 0.00000e+0, 5.04266e+2, 0.00000e+0, 2.82769e+1, 0.00000e+0, 2.87896e+1, 0.00000e+0, 2.73701e+0, 0.00000e+0, 2.41788e+0, 0.00000e+0, 2.00000e+1, 0.00000e+0, 7.00000e+0, 0.00000e+0, 3, -1, Disabled
06/17/2024 11:37:38.237, 06/17/2024 11:37:38.185, 4.11715e+0, 0.00000e+0, 9.84964e+1, 0.00000e+0, 1.69948e+0, 0.00000e+0, 1.46049e+4, 0.00000e+0, 1.72496e+4, 0.00000e+0, 3.74143e+2, 0.00000e+0, 1.72467e+0, 0.00000e+0, 3.79688e+2, 0.00000e+0, 5.04431e+2, 0.00000e+0, 2.82788e+1, 0.00000e+0, 2.88706e+1, 0.00000e+0, 2.73727e+0, 0.00000e+0, 2.41867e+0, 0.00000e+0, 2.00000e+1, 0.00000e+0, 7.00000e+0, 0.00000e+0, 3, -1, Disabled
06/17/2024 11:37:39.236, 06/17/2024 11:37:39.180, 4.11711e+0, 0.00000e+0, 9.84955e+1, 0.00000e+0, 1.69068e+0, 0.00000e+0, 1.49069e+4, 0.00000e+0, 1.74614e+4, 0.00000e+0, 3.78262e+2, 0.00000e+0, 1.71627e+0, 0.00000e+0, 3.83986e+2, 0.00000e+0, 5.04271e+2, 0.00000e+0, 2.82793e+1, 0.00000e+0, 2.88535e+1, 0.00000e+0, 2.73818e+0, 0.00000e+0, 2.41855e+0, 0.00000e+0, 2.00000e+1, 0.00000e+0, 7.00000e+0, 0.00000e+0, 3, -1, Disabled
06/17/2024 11:37:40.237, 06/17/2024 11:37:40.174, 4.11763e+0, 0.00000e+0, 9.85078e+1, 0.00000e+0, 1.69574e+0, 0.00000e+0, 1.44810e+4, 0.00000e+0, 1.71837e+4, 0.00000e+0, 3.75661e+2, 0.00000e+0, 1.72066e+0, 0.00000e+0, 3.81181e+2, 0.00000e+0, 5.04293e+2, 0.00000e+0, 2.82779e+1, 0.00000e+0, 2.87731e+1, 0.00000e+0, 2.73926e+0, 0.00000e+0, 2.41982e+0, 0.00000e+0, 2.00000e+1, 0.00000e+0, 7.00000e+0, 0.00000e+0, 3, -1, Disabled
06/17/2024 11:37:41.223, 06/17/2024 11:37:41.168, 4.11771e+0, 0.00000e+0, 9.85097e+1, 0.00000e+0, 1.70134e+0, 0.00000e+0, 1.42221e+4, 0.00000e+0, 1.70926e+4, 0.00000e+0, 3.77179e+2, 0.00000e+0, 1.72589e+0, 0.00000e+0, 3.82621e+2, 0.00000e+0, 5.04439e+2, 0.00000e+0, 2.82803e+1, 0.00000e+0, 2.88601e+1, 0.00000e+0, 2.73750e+0, 0.00000e+0, 2.41852e+0, 0.00000e+0, 2.00000e+1, 0.00000e+0, 7.00000e+0, 0.00000e+0, 3, -1, Disabled
06/17/2024 11:37:42.220, 06/17/2024 11:37:42.162, 4.11697e+0, 0.00000e+0, 9.84920e+1, 0.00000e+0, 1.70597e+0, 0.00000e+0, 1.43443e+4, 0.00000e+0, 1.70377e+4, 0.00000e+0, 3.74314e+2, 0.00000e+0, 1.73080e+0, 0.00000e+0, 3.79761e+2, 0.00000e+0, 5.04285e+2, 0.00000e+0, 2.82787e+1, 0.00000e+0, 2.88567e+1, 0.00000e+0, 2.73777e+0, 0.00000e+0, 2.41777e+0, 0.00000e+0, 2.00000e+1, 0.00000e+0, 7.00000e+0, 0.00000e+0, 3, -1, Disabled
06/17/2024 11:37:43.211, 06/17/2024 11:37:43.158, 4.11771e+0, 0.00000e+0, 9.85098e+1, 0.00000e+0, 1.70389e+0, 0.00000e+0, 1.46040e+4, 0.00000e+0, 1.74292e+4, 0.00000e+0, 3.76052e+2, 0.00000e+0, 1.72914e+0, 0.00000e+0, 3.81626e+2, 0.00000e+0, 5.04319e+2, 0.00000e+0, 2.82776e+1, 0.00000e+0, 2.88116e+1, 0.00000e+0, 2.73735e+0, 0.00000e+0, 2.41858e+0, 0.00000e+0, 2.00000e+1, 0.00000e+0, 7.00000e+0, 0.00000e+0, 3, -1, Disabled
06/17/2024 11:37:44.205, 06/17/2024 11:37:44.152, 4.11761e+0, 0.00000e+0, 9.85074e+1, 0.00000e+0, 1.69865e+0, 0.00000e+0, 1.48393e+4, 0.00000e+0, 1.75742e+4, 0.00000e+0, 3.76972e+2, 0.00000e+0, 1.72424e+0, 0.00000e+0, 3.82651e+2, 0.00000e+0, 5.04422e+2, 0.00000e+0, 2.82783e+1, 0.00000e+0, 2.88542e+1, 0.00000e+0, 2.73758e+0, 0.00000e+0, 2.41829e+0, 0.00000e+0, 2.00000e+1, 0.00000e+0, 7.00000e+0, 0.00000e+0, 3, -1, Disabled
06/17/2024 11:37:45.196, 06/17/2024 11:37:45.146, 4.11761e+0, 0.00000e+0, 9.85075e+1, 0.00000e+0, 1.70036e+0, 0.00000e+0, 1.45306e+4, 0.00000e+0, 1.73487e+4, 0.00000e+0, 3.78557e+2, 0.00000e+0, 1.72543e+0, 0.00000e+0, 3.84139e+2, 0.00000e+0, 5.04228e+2, 0.00000e+0, 2.82779e+1, 0.00000e+0, 2.88486e+1, 0.00000e+0, 2.73765e+0, 0.00000e+0, 2.41924e+0, 0.00000e+0, 2.00000e+1, 0.00000e+0, 7.00000e+0, 0.00000e+0, 3, -1, Disabled
06/17/2024 11:37:46.193, 06/17/2024 11:37:46.141, 4.11811e+0, 0.00000e+0, 9.85195e+1, 0.00000e+0, 1.69651e+0, 0.00000e+0, 1.46064e+4, 0.00000e+0, 1.71889e+4, 0.00000e+0, 3.77975e+2, 0.00000e+0, 1.72165e+0, 0.00000e+0, 3.83578e+2, 0.00000e+0, 5.04417e+2, 0.00000e+0, 2.82772e+1, 0.00000e+0, 2.87921e+1, 0.00000e+0, 2.73820e+0, 0.00000e+0, 2.41854e+0, 0.00000e+0, 2.00000e+1, 0.00000e+0, 7.00000e+0, 0.00000e+0, 3, -1, Disabled
06/17/2024 11:37:47.194, 06/17/2024 11:37:47.136, 4.11697e+0, 0.00000e+0, 9.84922e+1, 0.00000e+0, 1.69731e+0, 0.00000e+0, 1.47931e+4, 0.00000e+0, 1.75922e+4, 0.00000e+0, 3.78521e+2, 0.00000e+0, 1.72280e+0, 0.00000e+0, 3.84205e+2, 0.00000e+0, 5.04349e+2, 0.00000e+0, 2.82777e+1, 0.00000e+0, 2.88730e+1, 0.00000e+0, 2.73792e+0, 0.00000e+0, 2.41817e+0, 0.00000e+0, 2.00000e+1, 0.00000e+0, 7.00000e+0, 0.00000e+0, 3, -1, Disabled
06/17/2024 11:37:48.178, 06/17/2024 11:37:48.131, 4.11737e+0, 0.00000e+0, 9.85018e+1, 0.00000e+0, 1.69429e+0, 0.00000e+0, 1.47705e+4, 0.00000e+0, 1.70762e+4, 0.00000e+0, 3.78702e+2, 0.00000e+0, 1.71969e+0, 0.00000e+0, 3.84380e+2, 0.00000e+0, 5.04273e+2, 0.00000e+0, 2.82782e+1, 0.00000e+0, 2.87671e+1, 0.00000e+0, 2.73742e+0, 0.00000e+0, 2.41745e+0, 0.00000e+0, 2.00000e+1, 0.00000e+0, 7.00000e+0, 0.00000e+0, 3, -1, Disabled
06/17/2024 11:37:49.183, 06/17/2024 11:37:49.125, 4.11703e+0, 0.00000e+0, 9.84935e+1, 0.00000e+0, 1.70378e+0, 0.00000e+0, 1.47531e+4, 0.00000e+0, 1.73222e+4, 0.00000e+0, 3.77238e+2, 0.00000e+0, 1.72929e+0, 0.00000e+0, 3.82887e+2, 0.00000e+0, 5.04444e+2, 0.00000e+0, 2.82800e+1, 0.00000e+0, 2.88605e+1, 0.00000e+0, 2.73872e+0, 0.00000e+0, 2.41754e+0, 0.00000e+0, 2.00000e+1, 0.00000e+0, 7.00000e+0, 0.00000e+0, 3, -1, Disabled
06/17/2024 11:37:50.176, 06/17/2024 11:37:50.120, 4.11694e+0, 0.00000e+0, 9.84914e+1, 0.00000e+0, 1.70127e+0, 0.00000e+0, 1.52021e+4, 0.00000e+0, 1.78354e+4, 0.00000e+0, 3.78040e+2, 0.00000e+0, 1.72753e+0, 0.00000e+0, 3.83875e+2, 0.00000e+0, 5.04284e+2, 0.00000e+0, 2.82793e+1, 0.00000e+0, 2.88294e+1, 0.00000e+0, 2.73793e+0, 0.00000e+0, 2.41719e+0, 0.00000e+0, 2.00000e+1, 0.00000e+0, 7.00000e+0, 0.00000e+0, 3, -1, Disabled
06/17/2024 11:37:51.168, 06/17/2024 11:37:51.114, 4.11800e+0, 0.00000e+0, 9.85168e+1, 0.00000e+0, 1.70090e+0, 0.00000e+0, 1.49986e+4, 0.00000e+0, 1.77158e+4, 0.00000e+0, 3.80110e+2, 0.00000e+0, 1.72680e+0, 0.00000e+0, 3.85898e+2, 0.00000e+0, 5.04301e+2, 0.00000e+0, 2.82807e+1, 0.00000e+0, 2.87774e+1, 0.00000e+0, 2.73838e+0, 0.00000e+0, 2.41940e+0, 0.00000e+0, 2.00000e+1, 0.00000e+0, 7.00000e+0, 0.00000e+0, 3, -1, Disabled
06/17/2024 11:37:52.163, 06/17/2024 11:37:52.109, 4.11710e+0, 0.00000e+0, 9.84952e+1, 0.00000e+0, 1.69082e+0, 0.00000e+0, 1.50329e+4, 0.00000e+0, 1.77798e+4, 0.00000e+0, 3.81964e+2, 0.00000e+0, 1.71662e+0, 0.00000e+0, 3.87794e+2, 0.00000e+0, 5.04450e+2, 0.00000e+0, 2.82820e+1, 0.00000e+0, 2.88616e+1, 0.00000e+0, 2.73809e+0, 0.00000e+0, 2.41971e+0, 0.00000e+0, 2.00000e+1, 0.00000e+0, 7.00000e+0, 0.00000e+0, 3, -1, Disabled
06/17/2024 11:37:53.150, 06/17/2024 11:37:53.103, 4.11731e+0, 0.00000e+0, 9.85002e+1, 0.00000e+0, 1.69736e+0, 0.00000e+0, 1.48280e+4, 0.00000e+0, 1.74816e+4, 0.00000e+0, 3.79186e+2, 0.00000e+0, 1.72290e+0, 0.00000e+0, 3.84894e+2, 0.00000e+0, 5.04274e+2, 0.00000e+0, 2.82806e+1, 0.00000e+0, 2.87890e+1, 0.00000e+0, 2.73816e+0, 0.00000e+0, 2.41853e+0, 0.00000e+0, 2.00000e+1, 0.00000e+0, 7.00000e+0, 0.00000e+0, 3, -1, Disabled
06/17/2024 11:37:54.149, 06/17/2024 11:37:54.097, 4.11733e+0, 0.00000e+0, 9.85008e+1, 0.00000e+0, 1.70207e+0, 0.00000e+0, 1.46822e+4, 0.00000e+0, 1.73894e+4, 0.00000e+0, 3.80129e+2, 0.00000e+0, 1.72743e+0, 0.00000e+0, 3.85793e+2, 0.00000e+0, 5.04410e+2, 0.00000e+0, 2.82805e+1, 0.00000e+0, 2.88281e+1, 0.00000e+0, 2.73741e+0, 0.00000e+0, 2.41818e+0, 0.00000e+0, 2.00000e+1, 0.00000e+0, 7.00000e+0, 0.00000e+0, 3, -1, Disabled
06/17/2024 11:37:55.140, 06/17/2024 11:37:55.092, 4.11701e+0, 0.00000e+0, 9.84929e+1, 0.00000e+0, 1.69470e+0, 0.00000e+0, 1.49033e+4, 0.00000e+0, 1.75918e+4, 0.00000e+0, 3.79157e+2, 0.00000e+0, 1.72033e+0, 0.00000e+0, 3.84893e+2, 0.00000e+0, 5.04394e+2, 0.00000e+0, 2.82806e+1, 0.00000e+0, 2.88383e+1, 0.00000e+0, 2.73816e+0, 0.00000e+0, 2.41855e+0, 0.00000e+0, 2.00000e+1, 0.00000e+0, 7.00000e+0, 0.00000e+0, 3, -1, Disabled
06/17/2024 11:37:56.136, 06/17/2024 11:37:56.086, 4.11716e+0, 0.00000e+0, 9.84968e+1, 0.00000e+0, 1.70526e+0, 0.00000e+0, 1.47960e+4, 0.00000e+0, 1.74294e+4, 0.00000e+0, 3.79049e+2, 0.00000e+0, 1.73087e+0, 0.00000e+0, 3.84742e+2, 0.00000e+0, 5.04267e+2, 0.00000e+0, 2.82823e+1, 0.00000e+0, 2.88093e+1, 0.00000e+0, 2.73866e+0, 0.00000e+0, 2.41909e+0, 0.00000e+0, 2.00000e+1, 0.00000e+0, 7.00000e+0, 0.00000e+0, 3, -1, Disabled
06/17/2024 11:37:57.134, 06/17/2024 11:37:57.081, 4.11757e+0, 0.00000e+0, 9.85064e+1, 0.00000e+0, 1.70562e+0, 0.00000e+0, 1.47909e+4, 0.00000e+0, 1.76405e+4, 0.00000e+0, 3.80257e+2, 0.00000e+0, 1.73123e+0, 0.00000e+0, 3.85966e+2, 0.00000e+0, 5.04457e+2, 0.00000e+0, 2.82813e+1, 0.00000e+0, 2.88191e+1, 0.00000e+0, 2.73937e+0, 0.00000e+0, 2.41853e+0, 0.00000e+0, 2.00000e+1, 0.00000e+0, 7.00000e+0, 0.00000e+0, 3, -1, Disabled
06/17/2024 11:37:58.130, 06/17/2024 11:37:58.075, 4.11732e+0, 0.00000e+0, 9.85004e+1, 0.00000e+0, 1.70117e+0, 0.00000e+0, 1.52089e+4, 0.00000e+0, 1.77266e+4, 0.00000e+0, 3.79155e+2, 0.00000e+0, 1.72744e+0, 0.00000e+0, 3.85010e+2, 0.00000e+0, 5.04246e+2, 0.00000e+0, 2.82824e+1, 0.00000e+0, 2.88603e+1, 0.00000e+0, 2.73839e+0, 0.00000e+0, 2.41910e+0, 0.00000e+0, 2.00000e+1, 0.00000e+0, 7.00000e+0, 0.00000e+0, 3, -1, Disabled
06/17/2024 11:37:59.124, 06/17/2024 11:37:59.071, 4.11791e+0, 0.00000e+0, 9.85147e+1, 0.00000e+0, 1.70245e+0, 0.00000e+0, 1.47699e+4, 0.00000e+0, 1.73594e+4, 0.00000e+0, 3.79887e+2, 0.00000e+0, 1.72797e+0, 0.00000e+0, 3.85582e+2, 0.00000e+0, 5.04337e+2, 0.00000e+0, 2.82810e+1, 0.00000e+0, 2.87833e+1, 0.00000e+0, 2.73584e+0, 0.00000e+0, 2.41771e+0, 0.00000e+0, 2.00000e+1, 0.00000e+0, 7.00000e+0, 0.00000e+0, 3, -1, Disabled
06/17/2024 11:38:00.126, 06/17/2024 11:38:00.064, 4.11752e+0, 0.00000e+0, 9.85052e+1, 0.00000e+0, 1.70364e+0, 0.00000e+0, 1.46090e+4, 0.00000e+0, 1.73324e+4, 0.00000e+0, 3.82170e+2, 0.00000e+0, 1.72890e+0, 0.00000e+0, 3.87836e+2, 0.00000e+0, 5.04414e+2, 0.00000e+0, 2.82824e+1, 0.00000e+0, 2.88253e+1, 0.00000e+0, 2.73706e+0, 0.00000e+0, 2.41872e+0, 0.00000e+0, 2.00000e+1, 0.00000e+0, 7.00000e+0, 0.00000e+0, 3, -1, Disabled
06/17/2024 11:38:01.112, 06/17/2024 11:38:01.059, 4.11701e+0, 0.00000e+0, 9.84932e+1, 0.00000e+0, 1.70164e+0, 0.00000e+0, 1.51655e+4, 0.00000e+0, 1.71719e+4, 0.00000e+0, 3.82966e+2, 0.00000e+0, 1.72784e+0, 0.00000e+0, 3.88863e+2, 0.00000e+0, 5.04254e+2, 0.00000e+0, 2.82822e+1, 0.00000e+0, 2.88462e+1, 0.00000e+0, 2.73867e+0, 0.00000e+0, 2.41866e+0, 0.00000e+0, 2.00000e+1, 0.00000e+0, 7.00000e+0, 0.00000e+0, 3, -1, Disabled
06/17/2024 11:38:02.107, 06/17/2024 11:38:02.053, 4.11784e+0, 0.00000e+0, 9.85128e+1, 0.00000e+0, 1.70812e+0, 0.00000e+0, 1.52277e+4, 0.00000e+0, 1.76366e+4, 0.00000e+0, 3.80079e+2, 0.00000e+0, 1.73453e+0, 0.00000e+0, 3.85956e+2, 0.00000e+0, 5.04361e+2, 0.00000e+0, 2.82821e+1, 0.00000e+0, 2.88111e+1, 0.00000e+0, 2.73789e+0, 0.00000e+0, 2.41794e+0, 0.00000e+0, 2.00000e+1, 0.00000e+0, 7.00000e+0, 0.00000e+0, 3, -1, Disabled
06/17/2024 11:38:03.102, 06/17/2024 11:38:03.048, 4.11623e+0, 0.00000e+0, 9.84745e+1, 0.00000e+0, 1.70363e+0, 0.00000e+0, 1.49475e+4, 0.00000e+0, 1.77770e+4, 0.00000e+0, 3.81458e+2, 0.00000e+0, 1.72948e+0, 0.00000e+0, 3.87247e+2, 0.00000e+0, 5.04263e+2, 0.00000e+0, 2.82821e+1, 0.00000e+0, 2.88381e+1, 0.00000e+0, 2.73777e+0, 0.00000e+0, 2.41861e+0, 0.00000e+0, 2.00000e+1, 0.00000e+0, 7.00000e+0, 0.00000e+0, 3, -1, Disabled
06/17/2024 11:38:04.096, 06/17/2024 11:38:04.043, 4.11760e+0, 0.00000e+0, 9.85072e+1, 0.00000e+0, 1.70649e+0, 0.00000e+0, 1.50248e+4, 0.00000e+0, 1.74914e+4, 0.00000e+0, 3.79412e+2, 0.00000e+0, 1.73252e+0, 0.00000e+0, 3.85200e+2, 0.00000e+0, 5.04207e+2, 0.00000e+0, 2.82821e+1, 0.00000e+0, 2.88143e+1, 0.00000e+0, 2.73864e+0, 0.00000e+0, 2.41883e+0, 0.00000e+0, 2.00000e+1, 0.00000e+0, 7.00000e+0, 0.00000e+0, 3, -1, Disabled
06/17/2024 11:38:05.094, 06/17/2024 11:38:05.037, 4.11738e+0, 0.00000e+0, 9.85018e+1, 0.00000e+0, 1.69911e+0, 0.00000e+0, 1.51192e+4, 0.00000e+0, 1.78886e+4, 0.00000e+0, 3.83370e+2, 0.00000e+0, 1.72520e+0, 0.00000e+0, 3.89255e+2, 0.00000e+0, 5.04391e+2, 0.00000e+0, 2.82818e+1, 0.00000e+0, 2.88376e+1, 0.00000e+0, 2.73862e+0, 0.00000e+0, 2.41885e+0, 0.00000e+0, 2.00000e+1, 0.00000e+0, 7.00000e+0, 0.00000e+0, 3, -1, Disabled
06/17/2024 11:38:06.080, 06/17/2024 11:38:06.032, 4.11718e+0, 0.00000e+0, 9.84970e+1, 0.00000e+0, 1.69964e+0, 0.00000e+0, 1.47028e+4, 0.00000e+0, 1.74345e+4, 0.00000e+0, 3.83098e+2, 0.00000e+0, 1.72500e+0, 0.00000e+0, 3.88815e+2, 0.00000e+0, 5.04391e+2, 0.00000e+0, 2.82826e+1, 0.00000e+0, 2.88428e+1, 0.00000e+0, 2.74013e+0, 0.00000e+0, 2.41908e+0, 0.00000e+0, 2.00000e+1, 0.00000e+0, 7.00000e+0, 0.00000e+0, 3, -1, Disabled
06/17/2024 11:38:07.086, 06/17/2024 11:38:07.026, 4.11737e+0, 0.00000e+0, 9.85017e+1, 0.00000e+0, 1.70121e+0, 0.00000e+0, 1.49868e+4, 0.00000e+0, 1.75253e+4, 0.00000e+0, 3.82478e+2, 0.00000e+0, 1.72709e+0, 0.00000e+0, 3.88297e+2, 0.00000e+0, 5.04334e+2, 0.00000e+0, 2.82822e+1, 0.00000e+0, 2.88165e+1, 0.00000e+0, 2.73688e+0, 0.00000e+0, 2.41806e+0, 0.00000e+0, 2.00000e+1, 0.00000e+0, 7.00000e+0, 0.00000e+0, 3, -1, Disabled
06/17/2024 11:38:08.078, 06/17/2024 11:38:08.021, 4.11737e+0, 0.00000e+0, 9.85018e+1, 0.00000e+0, 1.70408e+0, 0.00000e+0, 1.46176e+4, 0.00000e+0, 1.75283e+4, 0.00000e+0, 3.85109e+2, 0.00000e+0, 1.72936e+0, 0.00000e+0, 3.90822e+2, 0.00000e+0, 5.04429e+2, 0.00000e+0, 2.82834e+1, 0.00000e+0, 2.88198e+1, 0.00000e+0, 2.73775e+0, 0.00000e+0, 2.41934e+0, 0.00000e+0, 2.00000e+1, 0.00000e+0, 7.00000e+0, 0.00000e+0, 3, -1, Disabled
06/17/2024 11:38:09.070, 06/17/2024 11:38:09.017, 4.11638e+0, 0.00000e+0, 9.84780e+1, 0.00000e+0, 1.69700e+0, 0.00000e+0, 1.42647e+4, 0.00000e+0, 1.69909e+4, 0.00000e+0, 3.83235e+2, 0.00000e+0, 1.72156e+0, 0.00000e+0, 3.88781e+2, 0.00000e+0, 5.04298e+2, 0.00000e+0, 2.82843e+1, 0.00000e+0, 2.88170e+1, 0.00000e+0, 2.73668e+0, 0.00000e+0, 2.41880e+0, 0.00000e+0, 2.00000e+1, 0.00000e+0, 7.00000e+0, 0.00000e+0, 3, -1, Disabled
06/17/2024 11:38:10.062, 06/17/2024 11:38:10.012, 4.11704e+0, 0.00000e+0, 9.84939e+1, 0.00000e+0, 1.70713e+0, 0.00000e+0, 1.46857e+4, 0.00000e+0, 1.72212e+4, 0.00000e+0, 3.85225e+2, 0.00000e+0, 1.73258e+0, 0.00000e+0, 3.90966e+2, 0.00000e+0, 5.04251e+2, 0.00000e+0, 2.82846e+1, 0.00000e+0, 2.88222e+1, 0.00000e+0, 2.73748e+0, 0.00000e+0, 2.41844e+0, 0.00000e+0, 2.00000e+1, 0.00000e+0, 7.00000e+0, 0.00000e+0, 3, -1, Disabled
06/17/2024 11:38:11.063, 06/17/2024 11:38:11.004, 4.11763e+0, 0.00000e+0, 9.85079e+1, 0.00000e+0, 1.69510e+0, 0.00000e+0, 1.47010e+4, 0.00000e+0, 1.75580e+4, 0.00000e+0, 3.82616e+2, 0.00000e+0, 1.72039e+0, 0.00000e+0, 3.88325e+2, 0.00000e+0, 5.04358e+2, 0.00000e+0, 2.82856e+1, 0.00000e+0, 2.88372e+1, 0.00000e+0, 2.73691e+0, 0.00000e+0, 2.41852e+0, 0.00000e+0, 2.00000e+1, 0.00000e+0, 7.00000e+0, 0.00000e+0, 3, -1, Disabled
06/17/2024 11:38:12.053, 06/17/2024 11:38:11.999, 4.11703e+0, 0.00000e+0, 9.84935e+1, 0.00000e+0, 1.70268e+0, 0.00000e+0, 1.44988e+4, 0.00000e+0, 1.74032e+4, 0.00000e+0, 3.85095e+2, 0.00000e+0, 1.72773e+0, 0.00000e+0, 3.90761e+2, 0.00000e+0, 5.04250e+2, 0.00000e+0, 2.82846e+1, 0.00000e+0, 2.88381e+1, 0.00000e+0, 2.73806e+0, 0.00000e+0, 2.41844e+0, 0.00000e+0, 2.00000e+1, 0.00000e+0, 7.00000e+0, 0.00000e+0, 3, -1, Disabled
06/17/2024 11:38:13.042, 06/17/2024 11:38:12.994, 4.11763e+0, 0.00000e+0, 9.85078e+1, 0.00000e+0, 1.69586e+0, 0.00000e+0, 1.49652e+4, 0.00000e+0, 1.75563e+4, 0.00000e+0, 3.83018e+2, 0.00000e+0, 1.72163e+0, 0.00000e+0, 3.88837e+2, 0.00000e+0, 5.04392e+2, 0.00000e+0, 2.82843e+1, 0.00000e+0, 2.87771e+1, 0.00000e+0, 2.73729e+0, 0.00000e+0, 2.41841e+0, 0.00000e+0, 2.00000e+1, 0.00000e+0, 7.00000e+0, 0.00000e+0, 3, -1, Disabled
06/17/2024 11:38:14.045, 06/17/2024 11:38:13.989, 4.11743e+0, 0.00000e+0, 9.85031e+1, 0.00000e+0, 1.70456e+0, 0.00000e+0, 1.45981e+4, 0.00000e+0, 1.73827e+4, 0.00000e+0, 3.84826e+2, 0.00000e+0, 1.72981e+0, 0.00000e+0, 3.90527e+2, 0.00000e+0, 5.04304e+2, 0.00000e+0, 2.82863e+1, 0.00000e+0, 2.88642e+1, 0.00000e+0, 2.73823e+0, 0.00000e+0, 2.41926e+0, 0.00000e+0, 2.00000e+1, 0.00000e+0, 7.00000e+0, 0.00000e+0, 3, -1, Disabled
06/17/2024 11:38:15.037, 06/17/2024 11:38:14.983, 4.11765e+0, 0.00000e+0, 9.85084e+1, 0.00000e+0, 1.69794e+0, 0.00000e+0, 1.51659e+4, 0.00000e+0, 1.78871e+4, 0.00000e+0, 3.84129e+2, 0.00000e+0, 1.72409e+0, 0.00000e+0, 3.90044e+2, 0.00000e+0, 5.04241e+2, 0.00000e+0, 2.82864e+1, 0.00000e+0, 2.87789e+1, 0.00000e+0, 2.73812e+0, 0.00000e+0, 2.41846e+0, 0.00000e+0, 2.00000e+1, 0.00000e+0, 7.00000e+0, 0.00000e+0, 3, -1, Disabled
06/17/2024 11:38:16.031, 06/17/2024 11:38:15.977, 4.11685e+0, 0.00000e+0, 9.84892e+1, 0.00000e+0, 1.69465e+0, 0.00000e+0, 1.47767e+4, 0.00000e+0, 1.77999e+4, 0.00000e+0, 3.84440e+2, 0.00000e+0, 1.72007e+0, 0.00000e+0, 3.90206e+2, 0.00000e+0, 5.04322e+2, 0.00000e+0, 2.82880e+1, 0.00000e+0, 2.88281e+1, 0.00000e+0, 2.73769e+0, 0.00000e+0, 2.41920e+0, 0.00000e+0, 2.00000e+1, 0.00000e+0, 7.00000e+0, 0.00000e+0, 3, -1, Disabled
06/17/2024 11:38:17.027, 06/17/2024 11:38:16.972, 4.11657e+0, 0.00000e+0, 9.84824e+1, 0.00000e+0, 1.69531e+0, 0.00000e+0, 1.49394e+4, 0.00000e+0, 1.76189e+4, 0.00000e+0, 3.85101e+2, 0.00000e+0, 1.72102e+0, 0.00000e+0, 3.90942e+2, 0.00000e+0, 5.04203e+2, 0.00000e+0, 2.82886e+1, 0.00000e+0, 2.88146e+1, 0.00000e+0, 2.73571e+0, 0.00000e+0, 2.41853e+0, 0.00000e+0, 2.00000e+1, 0.00000e+0, 7.00000e+0, 0.00000e+0, 3, -1, Disabled
06/17/2024 11:38:18.018, 06/17/2024 11:38:17.967, 4.11739e+0, 0.00000e+0, 9.85022e+1, 0.00000e+0, 1.69808e+0, 0.00000e+0, 1.48081e+4, 0.00000e+0, 1.73942e+4, 0.00000e+0, 3.85417e+2, 0.00000e+0, 1.72360e+0, 0.00000e+0, 3.91210e+2, 0.00000e+0, 5.04350e+2, 0.00000e+0, 2.82881e+1, 0.00000e+0, 2.88062e+1, 0.00000e+0, 2.73876e+0, 0.00000e+0, 2.41859e+0, 0.00000e+0, 2.00000e+1, 0.00000e+0, 7.00000e+0, 0.00000e+0, 3, -1, Disabled
06/17/2024 11:38:19.013, 06/17/2024 11:38:18.961, 4.11697e+0, 0.00000e+0, 9.84922e+1, 0.00000e+0, 1.70180e+0, 0.00000e+0, 1.46266e+4, 0.00000e+0, 1.74535e+4, 0.00000e+0, 3.86824e+2, 0.00000e+0, 1.72706e+0, 0.00000e+0, 3.92566e+2, 0.00000e+0, 5.04461e+2, 0.00000e+0, 2.82883e+1, 0.00000e+0, 2.88625e+1, 0.00000e+0, 2.73689e+0, 0.00000e+0, 2.41923e+0, 0.00000e+0, 2.00000e+1, 0.00000e+0, 7.00000e+0, 0.00000e+0, 3, -1, Disabled
06/17/2024 11:38:20.006, 06/17/2024 11:38:19.955, 4.11697e+0, 0.00000e+0, 9.84920e+1, 0.00000e+0, 1.70132e+0, 0.00000e+0, 1.52152e+4, 0.00000e+0, 1.79892e+4, 0.00000e+0, 3.84800e+2, 0.00000e+0, 1.72761e+0, 0.00000e+0, 3.90745e+2, 0.00000e+0, 5.04275e+2, 0.00000e+0, 2.82888e+1, 0.00000e+0, 2.88366e+1, 0.00000e+0, 2.73776e+0, 0.00000e+0, 2.41730e+0, 0.00000e+0, 2.00000e+1, 0.00000e+0, 7.00000e+0, 0.00000e+0, 3, -1, Disabled
06/17/2024 11:38:20.997, 06/17/2024 11:38:20.950, 4.11747e+0, 0.00000e+0, 9.85040e+1, 0.00000e+0, 1.69074e+0, 0.00000e+0, 1.49864e+4, 0.00000e+0, 1.77293e+4, 0.00000e+0, 3.89046e+2, 0.00000e+0, 1.71646e+0, 0.00000e+0, 3.94965e+2, 0.00000e+0, 5.04360e+2, 0.00000e+0, 2.82894e+1, 0.00000e+0, 2.88332e+1, 0.00000e+0, 2.73881e+0, 0.00000e+0, 2.41850e+0, 0.00000e+0, 2.00000e+1, 0.00000e+0, 7.00000e+0, 0.00000e+0, 3, -1, Disabled
06/17/2024 11:38:21.996, 06/17/2024 11:38:21.945, 4.11699e+0, 0.00000e+0, 9.84927e+1, 0.00000e+0, 1.70179e+0, 0.00000e+0, 1.50110e+4, 0.00000e+0, 1.76557e+4, 0.00000e+0, 3.87252e+2, 0.00000e+0, 1.72773e+0, 0.00000e+0, 3.93154e+2, 0.00000e+0, 5.04392e+2, 0.00000e+0, 2.82897e+1, 0.00000e+0, 2.88780e+1, 0.00000e+0, 2.73631e+0, 0.00000e+0, 2.41888e+0, 0.00000e+0, 2.00000e+1, 0.00000e+0, 7.00000e+0, 0.00000e+0, 3, -1, Disabled
06/17/2024 11:38:23.003, 06/17/2024 11:38:22.940, 4.11727e+0, 0.00000e+0, 9.84993e+1, 0.00000e+0, 1.70485e+0, 0.00000e+0, 1.50348e+4, 0.00000e+0, 1.78735e+4, 0.00000e+0, 3.87992e+2, 0.00000e+0, 1.73088e+0, 0.00000e+0, 3.93914e+2, 0.00000e+0, 5.04202e+2, 0.00000e+0, 2.82902e+1, 0.00000e+0, 2.88440e+1, 0.00000e+0, 2.73702e+0, 0.00000e+0, 2.41794e+0, 0.00000e+0, 2.00000e+1, 0.00000e+0, 7.00000e+0, 0.00000e+0, 3, -1, Disabled
06/17/2024 11:38:23.984, 06/17/2024 11:38:23.935, 4.11763e+0, 0.00000e+0, 9.85079e+1, 0.00000e+0, 1.69748e+0, 0.00000e+0, 1.52678e+4, 0.00000e+0, 1.79761e+4, 0.00000e+0, 3.85890e+2, 0.00000e+0, 1.72379e+0, 0.00000e+0, 3.91873e+2, 0.00000e+0, 5.04369e+2, 0.00000e+0, 2.82913e+1, 0.00000e+0, 2.88172e+1, 0.00000e+0, 2.73826e+0, 0.00000e+0, 2.41814e+0, 0.00000e+0, 2.00000e+1, 0.00000e+0, 7.00000e+0, 0.00000e+0, 3, -1, Disabled
06/17/2024 11:38:24.979, 06/17/2024 11:38:24.928, 4.11709e+0, 0.00000e+0, 9.84951e+1, 0.00000e+0, 1.70409e+0, 0.00000e+0, 1.50289e+4, 0.00000e+0, 1.78083e+4, 0.00000e+0, 3.88210e+2, 0.00000e+0, 1.73009e+0, 0.00000e+0, 3.94133e+2, 0.00000e+0, 5.04283e+2, 0.00000e+0, 2.82911e+1, 0.00000e+0, 2.88507e+1, 0.00000e+0, 2.73842e+0, 0.00000e+0, 2.41886e+0, 0.00000e+0, 2.00000e+1, 0.00000e+0, 7.00000e+0, 0.00000e+0, 3, -1, Disabled
06/17/2024 11:38:25.983, 06/17/2024 11:38:25.923, 4.11747e+0, 0.00000e+0, 9.85041e+1, 0.00000e+0, 1.70146e+0, 0.00000e+0, 1.44900e+4, 0.00000e+0, 1.74443e+4, 0.00000e+0, 3.89072e+2, 0.00000e+0, 1.72648e+0, 0.00000e+0, 3.94792e+2, 0.00000e+0, 5.04283e+2, 0.00000e+0, 2.82906e+1, 0.00000e+0, 2.88259e+1, 0.00000e+0, 2.73851e+0, 0.00000e+0, 2.41894e+0, 0.00000e+0, 2.00000e+1, 0.00000e+0, 7.00000e+0, 0.00000e+0, 3, -1, Disabled
06/17/2024 11:38:26.969, 06/17/2024 11:38:26.917, 4.11702e+0, 0.00000e+0, 9.84934e+1, 0.00000e+0, 1.70559e+0, 0.00000e+0, 1.44424e+4, 0.00000e+0, 1.73238e+4, 0.00000e+0, 3.89067e+2, 0.00000e+0, 1.73059e+0, 0.00000e+0, 3.94769e+2, 0.00000e+0, 5.04423e+2, 0.00000e+0, 2.82912e+1, 0.00000e+0, 2.88632e+1, 0.00000e+0, 2.73936e+0, 0.00000e+0, 2.41913e+0, 0.00000e+0, 2.00000e+1, 0.00000e+0, 7.00000e+0, 0.00000e+0, 3, -1, Disabled
06/17/2024 11:38:27.961, 06/17/2024 11:38:27.911, 4.11731e+0, 0.00000e+0, 9.85003e+1, 0.00000e+0, 1.70370e+0, 0.00000e+0, 1.50133e+4, 0.00000e+0, 1.79205e+4, 0.00000e+0, 3.86108e+2, 0.00000e+0, 1.72967e+0, 0.00000e+0, 3.91994e+2, 0.00000e+0, 5.04374e+2, 0.00000e+0, 2.82917e+1, 0.00000e+0, 2.88650e+1, 0.00000e+0, 2.73800e+0, 0.00000e+0, 2.41880e+0, 0.00000e+0, 2.00000e+1, 0.00000e+0, 7.00000e+0, 0.00000e+0, 3, -1, Disabled
06/17/2024 11:38:28.955, 06/17/2024 11:38:28.906, 4.11789e+0, 0.00000e+0, 9.85141e+1, 0.00000e+0, 1.70064e+0, 0.00000e+0, 1.47761e+4, 0.00000e+0, 1.77543e+4, 0.00000e+0, 4.23189e+2, 0.00000e+0, 1.72614e+0, 0.00000e+0, 4.29536e+2, 0.00000e+0, 5.04291e+2, 0.00000e+0, 2.82926e+1, 0.00000e+0, 2.88548e+1, 0.00000e+0, 2.73762e+0, 0.00000e+0, 2.41879e+0, 0.00000e+0, 2.00000e+1, 0.00000e+0, 7.00000e+0, 0.00000e+0, 3, -1, Disabled
06/17/2024 11:38:29.955, 06/17/2024 11:38:29.901, 4.11708e+0, 0.00000e+0, 9.84948e+1, 0.00000e+0, 1.70469e+0, 0.00000e+0, 1.50191e+4, 0.00000e+0, 1.79216e+4, 0.00000e+0, 4.28546e+2, 0.00000e+0, 1.73068e+0, 0.00000e+0, 4.35081e+2, 0.00000e+0, 5.04504e+2, 0.00000e+0, 2.82926e+1, 0.00000e+0, 2.88655e+1, 0.00000e+0, 2.73585e+0, 0.00000e+0, 2.41754e+0, 0.00000e+0, 2.00000e+1, 0.00000e+0, 7.00000e+0, 0.00000e+0, 3, -1, Disabled
06/17/2024 11:38:30.946, 06/17/2024 11:38:30.896, 4.11699e+0, 0.00000e+0, 9.84925e+1, 0.00000e+0, 1.69275e+0, 0.00000e+0, 1.55048e+4, 0.00000e+0, 1.83529e+4, 0.00000e+0, 4.29320e+2, 0.00000e+0, 1.71940e+0, 0.00000e+0, 4.36081e+2, 0.00000e+0, 5.04294e+2, 0.00000e+0, 2.82924e+1, 0.00000e+0, 2.88889e+1, 0.00000e+0, 2.73618e+0, 0.00000e+0, 2.41739e+0, 0.00000e+0, 2.00000e+1, 0.00000e+0, 7.00000e+0, 0.00000e+0, 3, -1, Disabled
06/17/2024 11:38:31.946, 06/17/2024 11:38:31.891, 4.11760e+0, 0.00000e+0, 9.85072e+1, 0.00000e+0, 1.69627e+0, 0.00000e+0, 1.55700e+4, 0.00000e+0, 1.83882e+4, 0.00000e+0, 4.25678e+2, 0.00000e+0, 1.72310e+0, 0.00000e+0, 4.32410e+2, 0.00000e+0, 5.04310e+2, 0.00000e+0, 2.82924e+1, 0.00000e+0, 2.88485e+1, 0.00000e+0, 2.73778e+0, 0.00000e+0, 2.41742e+0, 0.00000e+0, 2.00000e+1, 0.00000e+0, 7.00000e+0, 0.00000e+0, 3, -1, Disabled
06/17/2024 11:38:32.933, 06/17/2024 11:38:32.884, 4.11727e+0, 0.00000e+0, 9.84992e+1, 0.00000e+0, 1.69818e+0, 0.00000e+0, 1.58027e+4, 0.00000e+0, 1.89202e+4, 0.00000e+0, 4.26796e+2, 0.00000e+0, 1.72545e+0, 0.00000e+0, 4.33649e+2, 0.00000e+0, 5.04416e+2, 0.00000e+0, 2.82935e+1, 0.00000e+0, 2.88525e+1, 0.00000e+0, 2.73700e+0, 0.00000e+0, 2.41872e+0, 0.00000e+0, 2.00000e+1, 0.00000e+0, 7.00000e+0, 0.00000e+0, 3, -1, Disabled
06/17/2024 11:38:33.930, 06/17/2024 11:38:33.879, 4.11661e+0, 0.00000e+0, 9.84834e+1, 0.00000e+0, 1.69940e+0, 0.00000e+0, 1.65828e+4, 0.00000e+0, 1.93824e+4, 0.00000e+0, 4.26387e+2, 0.00000e+0, 1.72806e+0, 0.00000e+0, 4.33577e+2, 0.00000e+0, 5.04295e+2, 0.00000e+0, 2.82944e+1, 0.00000e+0, 2.88409e+1, 0.00000e+0, 2.73869e+0, 0.00000e+0, 2.41796e+0, 0.00000e+0, 2.00000e+1, 0.00000e+0, 7.00000e+0, 0.00000e+0, 3, -1, Disabled
06/17/2024 11:38:34.925, 06/17/2024 11:38:34.875, 4.11738e+0, 0.00000e+0, 9.85019e+1, 0.00000e+0, 1.70270e+0, 0.00000e+0, 1.69185e+4, 0.00000e+0, 1.95702e+4, 0.00000e+0, 4.27817e+2, 0.00000e+0, 1.73200e+0, 0.00000e+0, 4.35180e+2, 0.00000e+0, 5.04316e+2, 0.00000e+0, 2.82948e+1, 0.00000e+0, 2.87936e+1, 0.00000e+0, 2.73773e+0, 0.00000e+0, 2.41835e+0, 0.00000e+0, 2.00000e+1, 0.00000e+0, 7.00000e+0, 0.00000e+0, 3, -1, Disabled
06/17/2024 11:38:35.921, 06/17/2024 11:38:35.869, 4.11767e+0, 0.00000e+0, 9.85089e+1, 0.00000e+0, 1.70392e+0, 0.00000e+0, 1.65880e+4, 0.00000e+0, 1.96158e+4, 0.00000e+0, 4.27949e+2, 0.00000e+0, 1.73266e+0, 0.00000e+0, 4.35167e+2, 0.00000e+0, 5.04425e+2, 0.00000e+0, 2.82963e+1, 0.00000e+0, 2.88724e+1, 0.00000e+0, 2.73801e+0, 0.00000e+0, 2.41696e+0, 0.00000e+0, 2.00000e+1, 0.00000e+0, 7.00000e+0, 0.00000e+0, 3, -1, Disabled
06/17/2024 11:38:36.914, 06/17/2024 11:38:36.863, 4.11733e+0, 0.00000e+0, 9.85007e+1, 0.00000e+0, 1.70239e+0, 0.00000e+0, 1.70028e+4, 0.00000e+0, 2.01813e+4, 0.00000e+0, 4.24785e+2, 0.00000e+0, 1.73183e+0, 0.00000e+0, 4.32133e+2, 0.00000e+0, 5.04323e+2, 0.00000e+0, 2.82974e+1, 0.00000e+0, 2.88715e+1, 0.00000e+0, 2.73760e+0, 0.00000e+0, 2.41727e+0, 0.00000e+0, 2.00000e+1, 0.00000e+0, 7.00000e+0, 0.00000e+0, 3, -1, Disabled
06/17/2024 11:38:37.910, 06/17/2024 11:38:37.858, 4.11743e+0, 0.00000e+0, 9.85031e+1, 0.00000e+0, 1.70128e+0, 0.00000e+0, 1.72149e+4, 0.00000e+0, 2.04163e+4, 0.00000e+0, 4.26876e+2, 0.00000e+0, 1.73108e+0, 0.00000e+0, 4.34354e+2, 0.00000e+0, 5.04268e+2, 0.00000e+0, 2.82980e+1, 0.00000e+0, 2.88621e+1, 0.00000e+0, 2.73801e+0, 0.00000e+0, 2.41723e+0, 0.00000e+0, 2.00000e+1, 0.00000e+0, 7.00000e+0, 0.00000e+0, 3, -1, Disabled
06/17/2024 11:38:38.909, 06/17/2024 11:38:38.852, 4.11702e+0, 0.00000e+0, 9.84932e+1, 0.00000e+0, 1.69856e+0, 0.00000e+0, 1.72280e+4, 0.00000e+0, 2.02932e+4, 0.00000e+0, 4.23532e+2, 0.00000e+0, 1.72834e+0, 0.00000e+0, 4.30956e+2, 0.00000e+0, 5.04373e+2, 0.00000e+0, 2.83000e+1, 0.00000e+0, 2.88947e+1, 0.00000e+0, 2.73780e+0, 0.00000e+0, 2.41728e+0, 0.00000e+0, 2.00000e+1, 0.00000e+0, 7.00000e+0, 0.00000e+0, 3, -1, Disabled
06/17/2024 11:38:39.894, 06/17/2024 11:38:39.846, 4.11728e+0, 0.00000e+0, 9.84995e+1, 0.00000e+0, 1.69677e+0, 0.00000e+0, 1.75894e+4, 0.00000e+0, 2.04809e+4, 0.00000e+0, 4.20089e+2, 0.00000e+0, 1.72715e+0, 0.00000e+0, 4.27611e+2, 0.00000e+0, 5.04319e+2, 0.00000e+0, 2.83013e+1, 0.00000e+0, 2.88372e+1, 0.00000e+0, 2.73938e+0, 0.00000e+0, 2.41726e+0, 0.00000e+0, 2.00000e+1, 0.00000e+0, 7.00000e+0, 0.00000e+0, 3, -1, Disabled
06/17/2024 11:38:40.893, 06/17/2024 11:38:40.842, 4.11656e+0, 0.00000e+0, 9.84822e+1, 0.00000e+0, 1.69722e+0, 0.00000e+0, 1.75874e+4, 0.00000e+0, 2.05016e+4, 0.00000e+0, 4.22404e+2, 0.00000e+0, 1.72760e+0, 0.00000e+0, 4.29966e+2, 0.00000e+0, 5.04272e+2, 0.00000e+0, 2.83012e+1, 0.00000e+0, 2.88156e+1, 0.00000e+0, 2.73825e+0, 0.00000e+0, 2.41641e+0, 0.00000e+0, 2.00000e+1, 0.00000e+0, 7.00000e+0, 0.00000e+0, 3, -1, Disabled
06/17/2024 11:38:41.894, 06/17/2024 11:38:41.835, 4.11691e+0, 0.00000e+0, 9.84906e+1, 0.00000e+0, 1.69169e+0, 0.00000e+0, 1.76833e+4, 0.00000e+0, 2.06691e+4, 0.00000e+0, 4.20105e+2, 0.00000e+0, 1.72215e+0, 0.00000e+0, 4.27668e+2, 0.00000e+0, 5.04424e+2, 0.00000e+0, 2.83028e+1, 0.00000e+0, 2.88683e+1, 0.00000e+0, 2.73848e+0, 0.00000e+0, 2.41873e+0, 0.00000e+0, 2.00000e+1, 0.00000e+0, 7.00000e+0, 0.00000e+0, 3, -1, Disabled
06/17/2024 11:38:42.884, 06/17/2024 11:38:42.831, 4.11699e+0, 0.00000e+0, 9.84926e+1, 0.00000e+0, 1.69978e+0, 0.00000e+0, 1.72320e+4, 0.00000e+0, 2.03541e+4, 0.00000e+0, 4.21987e+2, 0.00000e+0, 1.72959e+0, 0.00000e+0, 4.29386e+2, 0.00000e+0, 5.04282e+2, 0.00000e+0, 2.83009e+1, 0.00000e+0, 2.88477e+1, 0.00000e+0, 2.73691e+0, 0.00000e+0, 2.41786e+0, 0.00000e+0, 2.00000e+1, 0.00000e+0, 7.00000e+0, 0.00000e+0, 3, -1, Disabled
06/17/2024 11:38:43.879, 06/17/2024 11:38:43.825, 4.11725e+0, 0.00000e+0, 9.84989e+1, 0.00000e+0, 1.68733e+0, 0.00000e+0, 1.76293e+4, 0.00000e+0, 2.08652e+4, 0.00000e+0, 4.22493e+2, 0.00000e+0, 1.71761e+0, 0.00000e+0, 4.30075e+2, 0.00000e+0, 5.04390e+2, 0.00000e+0, 2.83010e+1, 0.00000e+0, 2.87983e+1, 0.00000e+0, 2.73873e+0, 0.00000e+0, 2.41719e+0, 0.00000e+0, 2.00000e+1, 0.00000e+0, 7.00000e+0, 0.00000e+0, 3, -1, Disabled
06/17/2024 11:38:44.869, 06/17/2024 11:38:44.819, 4.11718e+0, 0.00000e+0, 9.84970e+1, 0.00000e+0, 1.69001e+0, 0.00000e+0, 1.78037e+4, 0.00000e+0, 2.04215e+4, 0.00000e+0, 4.22052e+2, 0.00000e+0, 1.72065e+0, 0.00000e+0, 4.29703e+2, 0.00000e+0, 5.04419e+2, 0.00000e+0, 2.83011e+1, 0.00000e+0, 2.88704e+1, 0.00000e+0, 2.73776e+0, 0.00000e+0, 2.41635e+0, 0.00000e+0, 2.00000e+1, 0.00000e+0, 7.00000e+0, 0.00000e+0, 3, -1, Disabled
06/17/2024 11:38:45.864, 06/17/2024 11:38:45.813, 4.11744e+0, 0.00000e+0, 9.85034e+1, 0.00000e+0, 1.69228e+0, 0.00000e+0, 1.75673e+4, 0.00000e+0, 2.08807e+4, 0.00000e+0, 4.21142e+2, 0.00000e+0, 1.72254e+0, 0.00000e+0, 4.28672e+2, 0.00000e+0, 5.04226e+2, 0.00000e+0, 2.83003e+1, 0.00000e+0, 2.88579e+1, 0.00000e+0, 2.73799e+0, 0.00000e+0, 2.41754e+0, 0.00000e+0, 2.00000e+1, 0.00000e+0, 7.00000e+0, 0.00000e+0, 3, -1, Disabled
06/17/2024 11:38:46.880, 06/17/2024 11:38:46.808, 4.11765e+0, 0.00000e+0, 9.85085e+1, 0.00000e+0, 1.69295e+0, 0.00000e+0, 1.79372e+4, 0.00000e+0, 2.11709e+4, 0.00000e+0, 4.21742e+2, 0.00000e+0, 1.72387e+0, 0.00000e+0, 4.29445e+2, 0.00000e+0, 5.04360e+2, 0.00000e+0, 2.83075e+1, 0.00000e+0, 2.88463e+1, 0.00000e+0, 2.73701e+0, 0.00000e+0, 2.41667e+0, 0.00000e+0, 2.00000e+1, 0.00000e+0, 7.00000e+0, 0.00000e+0, 3, -1, Disabled
06/17/2024 11:38:47.857, 06/17/2024 11:38:47.803, 4.11548e+0, 0.00000e+0, 9.84566e+1, 0.00000e+0, 1.69649e+0, 0.00000e+0, 1.81934e+4, 0.00000e+0, 2.11505e+4, 0.00000e+0, 4.21880e+2, 0.00000e+0, 1.72792e+0, 0.00000e+0, 4.29698e+2, 0.00000e+0, 5.04320e+2, 0.00000e+0, 2.83086e+1, 0.00000e+0, 2.88635e+1, 0.00000e+0, 2.73840e+0, 0.00000e+0, 2.41625e+0, 0.00000e+0, 2.00000e+1, 0.00000e+0, 7.00000e+0, 0.00000e+0, 3, -1, Disabled
06/17/2024 11:38:48.851, 06/17/2024 11:38:48.797, 4.11710e+0, 0.00000e+0, 9.84953e+1, 0.00000e+0, 1.69622e+0, 0.00000e+0, 1.82830e+4, 0.00000e+0, 2.14318e+4, 0.00000e+0, 4.20912e+2, 0.00000e+0, 1.72781e+0, 0.00000e+0, 4.28750e+2, 0.00000e+0, 5.04327e+2, 0.00000e+0, 2.83161e+1, 0.00000e+0, 2.88364e+1, 0.00000e+0, 2.73846e+0, 0.00000e+0, 2.41712e+0, 0.00000e+0, 2.00000e+1, 0.00000e+0, 7.00000e+0, 0.00000e+0, 3, -1, Disabled
06/17/2024 11:38:49.841, 06/17/2024 11:38:49.792, 4.11783e+0, 0.00000e+0, 9.85128e+1, 0.00000e+0, 1.69659e+0, 0.00000e+0, 1.85026e+4, 0.00000e+0, 2.13488e+4, 0.00000e+0, 4.21643e+2, 0.00000e+0, 1.72857e+0, 0.00000e+0, 4.29591e+2, 0.00000e+0, 5.04324e+2, 0.00000e+0, 2.83038e+1, 0.00000e+0, 2.88229e+1, 0.00000e+0, 2.73667e+0, 0.00000e+0, 2.41613e+0, 0.00000e+0, 2.00000e+1, 0.00000e+0, 7.00000e+0, 0.00000e+0, 3, -1, Disabled
06/17/2024 11:38:50.840, 06/17/2024 11:38:50.787, 4.11774e+0, 0.00000e+0, 9.85106e+1, 0.00000e+0, 1.69178e+0, 0.00000e+0, 1.83245e+4, 0.00000e+0, 2.14678e+4, 0.00000e+0, 4.20887e+2, 0.00000e+0, 1.72336e+0, 0.00000e+0, 4.28744e+2, 0.00000e+0, 5.04336e+2, 0.00000e+0, 2.83091e+1, 0.00000e+0, 2.88809e+1, 0.00000e+0, 2.73824e+0, 0.00000e+0, 2.41715e+0, 0.00000e+0, 2.00000e+1, 0.00000e+0, 7.00000e+0, 0.00000e+0, 3, -1, Disabled
06/17/2024 11:38:51.833, 06/17/2024 11:38:51.781, 4.11782e+0, 0.00000e+0, 9.85124e+1, 0.00000e+0, 1.69112e+0, 0.00000e+0, 1.80244e+4, 0.00000e+0, 2.13478e+4, 0.00000e+0, 4.19781e+2, 0.00000e+0, 1.72216e+0, 0.00000e+0, 4.27486e+2, 0.00000e+0, 5.04280e+2, 0.00000e+0, 2.83108e+1, 0.00000e+0, 2.88236e+1, 0.00000e+0, 2.73727e+0, 0.00000e+0, 2.41672e+0, 0.00000e+0, 2.00000e+1, 0.00000e+0, 7.00000e+0, 0.00000e+0, 3, -1, Disabled
06/17/2024 11:38:52.833, 06/17/2024 11:38:52.776, 4.11774e+0, 0.00000e+0, 9.85106e+1, 0.00000e+0, 1.69110e+0, 0.00000e+0, 1.85829e+4, 0.00000e+0, 2.17822e+4, 0.00000e+0, 4.21296e+2, 0.00000e+0, 1.72312e+0, 0.00000e+0, 4.29273e+2, 0.00000e+0, 5.04426e+2, 0.00000e+0, 2.83080e+1, 0.00000e+0, 2.88197e+1, 0.00000e+0, 2.73760e+0, 0.00000e+0, 2.41797e+0, 0.00000e+0, 2.00000e+1, 0.00000e+0, 7.00000e+0, 0.00000e+0, 3, -1, Disabled
06/17/2024 11:38:53.826, 06/17/2024 11:38:53.770, 4.11718e+0, 0.00000e+0, 9.84972e+1, 0.00000e+0, 1.68963e+0, 0.00000e+0, 1.82944e+4, 0.00000e+0, 2.13012e+4, 0.00000e+0, 4.19521e+2, 0.00000e+0, 1.72112e+0, 0.00000e+0, 4.27338e+2, 0.00000e+0, 5.04394e+2, 0.00000e+0, 2.83103e+1, 0.00000e+0, 2.88791e+1, 0.00000e+0, 2.73809e+0, 0.00000e+0, 2.41657e+0, 0.00000e+0, 2.00000e+1, 0.00000e+0, 7.00000e+0, 0.00000e+0, 3, -1, Disabled
06/17/2024 11:38:54.830, 06/17/2024 11:38:54.764, 4.11712e+0, 0.00000e+0, 9.84957e+1, 0.00000e+0, 1.69658e+0, 0.00000e+0, 1.81548e+4, 0.00000e+0, 2.13735e+4, 0.00000e+0, 4.21165e+2, 0.00000e+0, 1.72795e+0, 0.00000e+0, 4.28953e+2, 0.00000e+0, 5.04136e+2, 0.00000e+0, 2.83055e+1, 0.00000e+0, 2.88662e+1, 0.00000e+0, 2.73856e+0, 0.00000e+0, 2.41667e+0, 0.00000e+0, 2.00000e+1, 0.00000e+0, 7.00000e+0, 0.00000e+0, 3, -1, Disabled
06/17/2024 11:38:55.814, 06/17/2024 11:38:55.759, 4.11749e+0, 0.00000e+0, 9.85046e+1, 0.00000e+0, 1.68916e+0, 0.00000e+0, 1.84343e+4, 0.00000e+0, 2.15625e+4, 0.00000e+0, 4.20558e+2, 0.00000e+0, 1.72088e+0, 0.00000e+0, 4.28456e+2, 0.00000e+0, 5.04374e+2, 0.00000e+0, 2.83056e+1, 0.00000e+0, 2.88873e+1, 0.00000e+0, 2.73795e+0, 0.00000e+0, 2.41634e+0, 0.00000e+0, 2.00000e+1, 0.00000e+0, 7.00000e+0, 0.00000e+0, 3, -1, Disabled
06/17/2024 11:38:56.814, 06/17/2024 11:38:56.753, 4.11669e+0, 0.00000e+0, 9.84854e+1, 0.00000e+0, 1.69196e+0, 0.00000e+0, 1.88109e+4, 0.00000e+0, 2.18188e+4, 0.00000e+0, 4.21511e+2, 0.00000e+0, 1.72439e+0, 0.00000e+0, 4.29592e+2, 0.00000e+0, 5.04443e+2, 0.00000e+0, 2.83058e+1, 0.00000e+0, 2.89395e+1, 0.00000e+0, 2.73741e+0, 0.00000e+0, 2.41576e+0, 0.00000e+0, 2.00000e+1, 0.00000e+0, 7.00000e+0, 0.00000e+0, 3, -1, Disabled
06/17/2024 11:38:57.798, 06/17/2024 11:38:57.748, 4.11736e+0, 0.00000e+0, 9.85015e+1, 0.00000e+0, 1.68980e+0, 0.00000e+0, 1.81587e+4, 0.00000e+0, 2.13735e+4, 0.00000e+0, 4.21286e+2, 0.00000e+0, 1.72105e+0, 0.00000e+0, 4.29077e+2, 0.00000e+0, 5.04219e+2, 0.00000e+0, 2.83044e+1, 0.00000e+0, 2.88973e+1, 0.00000e+0, 2.73851e+0, 0.00000e+0, 2.41746e+0, 0.00000e+0, 2.00000e+1, 0.00000e+0, 7.00000e+0, 0.00000e+0, 3, -1, Disabled
06/17/2024 11:38:58.792, 06/17/2024 11:38:58.742, 4.11716e+0, 0.00000e+0, 9.84965e+1, 0.00000e+0, 1.69852e+0, 0.00000e+0, 1.87133e+4, 0.00000e+0, 2.17108e+4, 0.00000e+0, 4.21307e+2, 0.00000e+0, 1.73091e+0, 0.00000e+0, 4.29341e+2, 0.00000e+0, 5.04416e+2, 0.00000e+0, 2.83060e+1, 0.00000e+0, 2.89119e+1, 0.00000e+0, 2.73768e+0, 0.00000e+0, 2.41697e+0, 0.00000e+0, 2.00000e+1, 0.00000e+0, 7.00000e+0, 0.00000e+0, 3, -1, Disabled
06/17/2024 11:38:59.795, 06/17/2024 11:38:59.738, 4.11720e+0, 0.00000e+0, 9.84977e+1, 0.00000e+0, 1.69264e+0, 0.00000e+0, 1.88977e+4, 0.00000e+0, 2.20547e+4, 0.00000e+0, 4.20160e+2, 0.00000e+0, 1.72525e+0, 0.00000e+0, 4.28253e+2, 0.00000e+0, 5.04296e+2, 0.00000e+0, 2.83084e+1, 0.00000e+0, 2.89358e+1, 0.00000e+0, 2.73639e+0, 0.00000e+0, 2.41618e+0, 0.00000e+0, 2.00000e+1, 0.00000e+0, 7.00000e+0, 0.00000e+0, 3, -1, Disabled
06/17/2024 11:39:00.783, 06/17/2024 11:39:00.732, 4.11725e+0, 0.00000e+0, 9.84987e+1, 0.00000e+0, 1.69791e+0, 0.00000e+0, 1.87462e+4, 0.00000e+0, 2.19054e+4, 0.00000e+0, 4.22877e+2, 0.00000e+0, 1.73035e+0, 0.00000e+0, 4.30956e+2, 0.00000e+0, 5.04257e+2, 0.00000e+0, 2.83092e+1, 0.00000e+0, 2.88973e+1, 0.00000e+0, 2.73818e+0, 0.00000e+0, 2.41667e+0, 0.00000e+0, 2.00000e+1, 0.00000e+0, 7.00000e+0, 0.00000e+0, 3, -1, Disabled
06/17/2024 11:39:01.782, 06/17/2024 11:39:01.726, 4.11719e+0, 0.00000e+0, 9.84975e+1, 0.00000e+0, 1.69047e+0, 0.00000e+0, 1.85650e+4, 0.00000e+0, 2.18535e+4, 0.00000e+0, 4.19789e+2, 0.00000e+0, 1.72244e+0, 0.00000e+0, 4.27730e+2, 0.00000e+0, 5.04524e+2, 0.00000e+0, 2.83107e+1, 0.00000e+0, 2.89232e+1, 0.00000e+0, 2.73705e+0, 0.00000e+0, 2.41623e+0, 0.00000e+0, 2.00000e+1, 0.00000e+0, 7.00000e+0, 0.00000e+0, 3, -1, Disabled
06/17/2024 11:39:02.771, 06/17/2024 11:39:02.721, 4.11684e+0, 0.00000e+0, 9.84889e+1, 0.00000e+0, 1.69425e+0, 0.00000e+0, 1.90608e+4, 0.00000e+0, 2.21984e+4, 0.00000e+0, 4.17972e+2, 0.00000e+0, 1.72717e+0, 0.00000e+0, 4.26093e+2, 0.00000e+0, 5.04200e+2, 0.00000e+0, 2.83109e+1, 0.00000e+0, 2.89510e+1, 0.00000e+0, 2.73705e+0, 0.00000e+0, 2.41667e+0, 0.00000e+0, 2.00000e+1, 0.00000e+0, 7.00000e+0, 0.00000e+0, 3, -1, Disabled
06/17/2024 11:39:03.773, 06/17/2024 11:39:03.715, 4.11755e+0, 0.00000e+0, 9.85060e+1, 0.00000e+0, 1.69515e+0, 0.00000e+0, 1.91950e+4, 0.00000e+0, 2.24059e+4, 0.00000e+0, 4.19774e+2, 0.00000e+0, 1.72833e+0, 0.00000e+0, 4.27989e+2, 0.00000e+0, 5.04356e+2, 0.00000e+0, 2.83102e+1, 0.00000e+0, 2.88501e+1, 0.00000e+0, 2.73639e+0, 0.00000e+0, 2.41693e+0, 0.00000e+0, 2.00000e+1, 0.00000e+0, 7.00000e+0, 0.00000e+0, 3, -1, Disabled
06/17/2024 11:39:04.763, 06/17/2024 11:39:04.710, 4.11752e+0, 0.00000e+0, 9.85052e+1, 0.00000e+0, 1.69278e+0, 0.00000e+0, 1.89981e+4, 0.00000e+0, 2.22646e+4, 0.00000e+0, 4.19507e+2, 0.00000e+0, 1.72556e+0, 0.00000e+0, 4.27631e+2, 0.00000e+0, 5.04306e+2, 0.00000e+0, 2.83099e+1, 0.00000e+0, 2.88794e+1, 0.00000e+0, 2.73864e+0, 0.00000e+0, 2.41586e+0, 0.00000e+0, 2.00000e+1, 0.00000e+0, 7.00000e+0, 0.00000e+0, 3, -1, Disabled
06/17/2024 11:39:05.756, 06/17/2024 11:39:05.704, 4.11721e+0, 0.00000e+0, 9.84978e+1, 0.00000e+0, 1.69209e+0, 0.00000e+0, 1.90624e+4, 0.00000e+0, 2.20999e+4, 0.00000e+0, 4.19476e+2, 0.00000e+0, 1.72498e+0, 0.00000e+0, 4.27627e+2, 0.00000e+0, 5.04397e+2, 0.00000e+0, 2.83091e+1, 0.00000e+0, 2.89133e+1, 0.00000e+0, 2.73688e+0, 0.00000e+0, 2.41761e+0, 0.00000e+0, 2.00000e+1, 0.00000e+0, 7.00000e+0, 0.00000e+0, 3, -1, Disabled
06/17/2024 11:39:06.749, 06/17/2024 11:39:06.700, 4.11751e+0, 0.00000e+0, 9.85050e+1, 0.00000e+0, 1.69078e+0, 0.00000e+0, 1.91189e+4, 0.00000e+0, 2.20845e+4, 0.00000e+0, 4.18874e+2, 0.00000e+0, 1.72374e+0, 0.00000e+0, 4.27039e+2, 0.00000e+0, 5.04218e+2, 0.00000e+0, 2.83077e+1, 0.00000e+0, 2.88882e+1, 0.00000e+0, 2.73695e+0, 0.00000e+0, 2.41622e+0, 0.00000e+0, 2.00000e+1, 0.00000e+0, 7.00000e+0, 0.00000e+0, 3, -1, Disabled
06/17/2024 11:39:07.747, 06/17/2024 11:39:07.694, 4.11737e+0, 0.00000e+0, 9.85017e+1, 0.00000e+0, 1.69091e+0, 0.00000e+0, 1.91341e+4, 0.00000e+0, 2.22194e+4, 0.00000e+0, 4.21159e+2, 0.00000e+0, 1.72389e+0, 0.00000e+0, 4.29375e+2, 0.00000e+0, 5.04447e+2, 0.00000e+0, 2.83075e+1, 0.00000e+0, 2.89165e+1, 0.00000e+0, 2.73851e+0, 0.00000e+0, 2.41605e+0, 0.00000e+0, 2.00000e+1, 0.00000e+0, 7.00000e+0, 0.00000e+0, 3, -1, Disabled
06/17/2024 11:39:08.740, 06/17/2024 11:39:08.688, 4.11722e+0, 0.00000e+0, 9.84982e+1, 0.00000e+0, 1.69500e+0, 0.00000e+0, 1.95238e+4, 0.00000e+0, 2.26774e+4, 0.00000e+0, 4.21556e+2, 0.00000e+0, 1.72875e+0, 0.00000e+0, 4.29950e+2, 0.00000e+0, 5.04342e+2, 0.00000e+0, 2.83074e+1, 0.00000e+0, 2.89127e+1, 0.00000e+0, 2.73812e+0, 0.00000e+0, 2.41619e+0, 0.00000e+0, 2.00000e+1, 0.00000e+0, 7.00000e+0, 0.00000e+0, 3, -1, Disabled
06/17/2024 11:39:09.732, 06/17/2024 11:39:09.684, 4.11711e+0, 0.00000e+0, 9.84954e+1, 0.00000e+0, 1.69434e+0, 0.00000e+0, 1.88941e+4, 0.00000e+0, 2.21441e+4, 0.00000e+0, 4.22047e+2, 0.00000e+0, 1.72697e+0, 0.00000e+0, 4.30175e+2, 0.00000e+0, 5.04249e+2, 0.00000e+0, 2.83067e+1, 0.00000e+0, 2.88887e+1, 0.00000e+0, 2.74055e+0, 0.00000e+0, 2.41668e+0, 0.00000e+0, 2.00000e+1, 0.00000e+0, 7.00000e+0, 0.00000e+0, 3, -1, Disabled
06/17/2024 11:39:10.729, 06/17/2024 11:39:10.677, 4.11627e+0, 0.00000e+0, 9.84753e+1, 0.00000e+0, 1.69279e+0, 0.00000e+0, 1.88927e+4, 0.00000e+0, 2.23789e+4, 0.00000e+0, 4.18909e+2, 0.00000e+0, 1.72539e+0, 0.00000e+0, 4.26975e+2, 0.00000e+0, 5.04508e+2, 0.00000e+0, 2.83078e+1, 0.00000e+0, 2.89328e+1, 0.00000e+0, 2.73750e+0, 0.00000e+0, 2.41603e+0, 0.00000e+0, 2.00000e+1, 0.00000e+0, 7.00000e+0, 0.00000e+0, 3, -1, Disabled
06/17/2024 11:39:11.738, 06/17/2024 11:39:11.671, 4.11662e+0, 0.00000e+0, 9.84838e+1, 0.00000e+0, 1.68699e+0, 0.00000e+0, 1.93872e+4, 0.00000e+0, 2.28778e+4, 0.00000e+0, 4.15352e+2, 0.00000e+0, 1.72035e+0, 0.00000e+0, 4.23564e+2, 0.00000e+0, 5.04254e+2, 0.00000e+0, 2.83079e+1, 0.00000e+0, 2.89559e+1, 0.00000e+0, 2.73939e+0, 0.00000e+0, 2.41613e+0, 0.00000e+0, 2.00000e+1, 0.00000e+0, 7.00000e+0, 0.00000e+0, 3, -1, Disabled
06/17/2024 11:39:12.723, 06/17/2024 11:39:12.666, 4.11716e+0, 0.00000e+0, 9.84967e+1, 0.00000e+0, 1.69289e+0, 0.00000e+0, 1.94132e+4, 0.00000e+0, 2.25348e+4, 0.00000e+0, 4.19481e+2, 0.00000e+0, 1.72640e+0, 0.00000e+0, 4.27785e+2, 0.00000e+0, 5.04259e+2, 0.00000e+0, 2.83084e+1, 0.00000e+0, 2.89110e+1, 0.00000e+0, 2.73566e+0, 0.00000e+0, 2.41536e+0, 0.00000e+0, 2.00000e+1, 0.00000e+0, 7.00000e+0, 0.00000e+0, 3, -1, Disabled
06/17/2024 11:39:13.715, 06/17/2024 11:39:13.662, 4.11726e+0, 0.00000e+0, 9.84991e+1, 0.00000e+0, 1.69515e+0, 0.00000e+0, 1.91892e+4, 0.00000e+0, 2.23097e+4, 0.00000e+0, 4.19331e+2, 0.00000e+0, 1.72832e+0, 0.00000e+0, 4.27535e+2, 0.00000e+0, 5.04381e+2, 0.00000e+0, 2.83243e+1, 0.00000e+0, 2.89318e+1, 0.00000e+0, 2.73667e+0, 0.00000e+0, 2.41674e+0, 0.00000e+0, 2.00000e+1, 0.00000e+0, 7.00000e+0, 0.00000e+0, 3, -1, Disabled
06/17/2024 11:39:14.712, 06/17/2024 11:39:14.655, 4.11671e+0, 0.00000e+0, 9.84860e+1, 0.00000e+0, 1.69240e+0, 0.00000e+0, 1.95322e+4, 0.00000e+0, 2.26859e+4, 0.00000e+0, 4.17279e+2, 0.00000e+0, 1.72612e+0, 0.00000e+0, 4.25592e+2, 0.00000e+0, 5.04336e+2, 0.00000e+0, 2.83255e+1, 0.00000e+0, 2.89562e+1, 0.00000e+0, 2.73820e+0, 0.00000e+0, 2.41630e+0, 0.00000e+0, 2.00000e+1, 0.00000e+0, 7.00000e+0, 0.00000e+0, 3, -1, Disabled
06/17/2024 11:39:15.702, 06/17/2024 11:39:15.650, 4.11719e+0, 0.00000e+0, 9.84974e+1, 0.00000e+0, 1.69146e+0, 0.00000e+0, 1.95909e+4, 0.00000e+0, 2.27436e+4, 0.00000e+0, 4.16332e+2, 0.00000e+0, 1.72526e+0, 0.00000e+0, 4.24652e+2, 0.00000e+0, 5.04256e+2, 0.00000e+0, 2.83256e+1, 0.00000e+0, 2.88832e+1, 0.00000e+0, 2.73875e+0, 0.00000e+0, 2.41669e+0, 0.00000e+0, 2.00000e+1, 0.00000e+0, 7.00000e+0, 0.00000e+0, 3, -1, Disabled
06/17/2024 11:39:16.698, 06/17/2024 11:39:16.644, 4.11722e+0, 0.00000e+0, 9.84981e+1, 0.00000e+0, 1.69504e+0, 0.00000e+0, 1.90524e+4, 0.00000e+0, 2.22008e+4, 0.00000e+0, 4.05430e+2, 0.00000e+0, 1.72797e+0, 0.00000e+0, 4.13305e+2, 0.00000e+0, 5.04449e+2, 0.00000e+0, 2.83278e+1, 0.00000e+0, 2.89423e+1, 0.00000e+0, 2.73847e+0, 0.00000e+0, 2.41676e+0, 0.00000e+0, 2.00000e+1, 0.00000e+0, 7.00000e+0, 0.00000e+0, 3, -1, Disabled
                                                                                                                                                                                                                                                                                                                                                                                                                                                                                                                                                                                                                                                                                                                                                                                                                                                                                                                                                                                                                                                                                                                                                                                                                                                                                                                                                                                                                                                                                                                                                                                                                                                                                                                                                                                                                                                                                                                                                                                                                                                                                                                                                                                                                                                                                                                                                                                                                                                                                                                                                                                                                                                                                                                                                                                                                                                                                                                                                                                                                                                                                                      