SN:3K60180500001585 BD:Jul 23 2018 VC:834b9c1 MD5:48f99e4865ed8b810be1bb0eaaabf929
SysTime,                      Time,         Batt_v,      Batt_v_sd,   BATT_PERCENT,BATT_PERCENT_sd,      [CH4]_ppm,   [CH4]_ppm_sd,      [H2O]_ppm,   [H2O]_ppm_sd,     [H2Oa]_ppm,  [H2Oa]_ppm_sd,      [CO2]_ppm,   [CO2]_ppm_sd,     [CH4]d_ppm,  [CH4]d_ppm_sd,     [CO2]d_ppm,  [CO2]d_ppm_sd,      GasP_torr,   GasP_torr_sd,         GasT_C,      GasT_C_sd,         AmbT_C,      AmbT_C_sd,         RD0_us,      RD0_us_sd,         RD1_us,      RD1_us_sd, Temp_Status_mA,Temp_Status_mA_sd,Analyzer_Status_mA,Analyzer_Status_mA_sd,       Fit_Flag,      MIU_VALVE,       MIU_DESC
06/17/2024 11:44:43.427, 06/17/2024 11:44:43.349, 4.11827e+0, 0.00000e+0, 9.85232e+1, 0.00000e+0, 1.70434e+0, 0.00000e+0, 1.48014e+4, 0.00000e+0, 1.73915e+4, 0.00000e+0, 3.91262e+2, 0.00000e+0, 1.72995e+0, 0.00000e+0, 3.97141e+2, 0.00000e+0, 5.04382e+2, 0.00000e+0, 2.80797e+1, 0.00000e+0, 2.96418e+1, 0.00000e+0, 2.74629e+0, 0.00000e+0, 2.42877e+0, 0.00000e+0, 2.00000e+1, 0.00000e+0, 1.50000e+1, 0.00000e+0, 2, -1, Disabled
06/17/2024 11:44:44.395, 06/17/2024 11:44:44.343, 4.11809e+0, 0.00000e+0, 9.85189e+1, 0.00000e+0, 1.72636e+0, 0.00000e+0, 1.63948e+4, 0.00000e+0, 1.88683e+4, 0.00000e+0, 3.94956e+2, 0.00000e+0, 1.75513e+0, 0.00000e+0, 4.01539e+2, 0.00000e+0, 5.04486e+2, 0.00000e+0, 2.80794e+1, 0.00000e+0, 2.96380e+1, 0.00000e+0, 2.74734e+0, 0.00000e+0, 2.42836e+0, 0.00000e+0, 2.00000e+1, 0.00000e+0, 1.50000e+1, 0.00000e+0, 2, -1, Disabled
06/17/2024 11:44:45.394, 06/17/2024 11:44:45.338, 4.11859e+0, 0.00000e+0, 9.85309e+1, 0.00000e+0, 1.71388e+0, 0.00000e+0, 1.52512e+4, 0.00000e+0, 1.85520e+4, 0.00000e+0, 3.91806e+2, 0.00000e+0, 1.74042e+0, 0.00000e+0, 3.97874e+2, 0.00000e+0, 5.04347e+2, 0.00000e+0, 2.80754e+1, 0.00000e+0, 2.96220e+1, 0.00000e+0, 2.74759e+0, 0.00000e+0, 2.42786e+0, 0.00000e+0, 2.00000e+1, 0.00000e+0, 1.50000e+1, 0.00000e+0, 2, -1, Disabled
06/17/2024 11:44:46.405, 06/17/2024 11:44:46.333, 4.11840e+0, 0.00000e+0, 9.85262e+1, 0.00000e+0, 1.71876e+0, 0.00000e+0, 1.62869e+4, 0.00000e+0, 1.88370e+4, 0.00000e+0, 3.95681e+2, 0.00000e+0, 1.74722e+0, 0.00000e+0, 4.02232e+2, 0.00000e+0, 5.04438e+2, 0.00000e+0, 2.80736e+1, 0.00000e+0, 2.96549e+1, 0.00000e+0, 2.74783e+0, 0.00000e+0, 2.42821e+0, 0.00000e+0, 2.00000e+1, 0.00000e+0, 1.50000e+1, 0.00000e+0, 2, -1, Disabled
06/17/2024 11:44:47.413, 06/17/2024 11:44:47.328, 4.11858e+0, 0.00000e+0, 9.85307e+1, 0.00000e+0, 1.71715e+0, 0.00000e+0, 1.64359e+4, 0.00000e+0, 1.86931e+4, 0.00000e+0, 3.92865e+2, 0.00000e+0, 1.74585e+0, 0.00000e+0, 3.99430e+2, 0.00000e+0, 5.04444e+2, 0.00000e+0, 2.80755e+1, 0.00000e+0, 2.96333e+1, 0.00000e+0, 2.74629e+0, 0.00000e+0, 2.42745e+0, 0.00000e+0, 2.00000e+1, 0.00000e+0, 1.50000e+1, 0.00000e+0, 2, -1, Disabled
06/17/2024 11:44:48.399, 06/17/2024 11:44:48.323, 4.11814e+0, 0.00000e+0, 9.85201e+1, 0.00000e+0, 1.71200e+0, 0.00000e+0, 1.63548e+4, 0.00000e+0, 1.87769e+4, 0.00000e+0, 3.96704e+2, 0.00000e+0, 1.74046e+0, 0.00000e+0, 4.03300e+2, 0.00000e+0, 5.04368e+2, 0.00000e+0, 2.80754e+1, 0.00000e+0, 2.96736e+1, 0.00000e+0, 2.74780e+0, 0.00000e+0, 2.42773e+0, 0.00000e+0, 2.00000e+1, 0.00000e+0, 1.50000e+1, 0.00000e+0, 2, -1, Disabled
06/17/2024 11:44:49.395, 06/17/2024 11:44:49.316, 4.11871e+0, 0.00000e+0, 9.85338e+1, 0.00000e+0, 1.70655e+0, 0.00000e+0, 1.60292e+4, 0.00000e+0, 1.84759e+4, 0.00000e+0, 3.95958e+2, 0.00000e+0, 1.73435e+0, 0.00000e+0, 4.02408e+2, 0.00000e+0, 5.04484e+2, 0.00000e+0, 2.80734e+1, 0.00000e+0, 2.96540e+1, 0.00000e+0, 2.74761e+0, 0.00000e+0, 2.42728e+0, 0.00000e+0, 2.00000e+1, 0.00000e+0, 1.50000e+1, 0.00000e+0, 2, -1, Disabled
06/17/2024 11:44:50.397, 06/17/2024 11:44:50.310, 4.11819e+0, 0.00000e+0, 9.85212e+1, 0.00000e+0, 1.70857e+0, 0.00000e+0, 1.50479e+4, 0.00000e+0, 1.80655e+4, 0.00000e+0, 3.95090e+2, 0.00000e+0, 1.73467e+0, 0.00000e+0, 4.01126e+2, 0.00000e+0, 5.04344e+2, 0.00000e+0, 2.80739e+1, 0.00000e+0, 2.96727e+1, 0.00000e+0, 2.74686e+0, 0.00000e+0, 2.42664e+0, 0.00000e+0, 2.00000e+1, 0.00000e+0, 1.50000e+1, 0.00000e+0, 2, -1, Disabled
06/17/2024 11:44:51.367, 06/17/2024 11:44:51.305, 4.11876e+0, 0.00000e+0, 9.85349e+1, 0.00000e+0, 1.71938e+0, 0.00000e+0, 1.56503e+4, 0.00000e+0, 1.80998e+4, 0.00000e+0, 3.89824e+2, 0.00000e+0, 1.74671e+0, 0.00000e+0, 3.96022e+2, 0.00000e+0, 5.04475e+2, 0.00000e+0, 2.80743e+1, 0.00000e+0, 2.96725e+1, 0.00000e+0, 2.74774e+0, 0.00000e+0, 2.42662e+0, 0.00000e+0, 2.00000e+1, 0.00000e+0, 1.50000e+1, 0.00000e+0, 2, -1, Disabled
06/17/2024 11:44:52.356, 06/17/2024 11:44:52.300, 4.11870e+0, 0.00000e+0, 9.85336e+1, 0.00000e+0, 1.71389e+0, 0.00000e+0, 1.49193e+4, 0.00000e+0, 1.78661e+4, 0.00000e+0, 3.82581e+2, 0.00000e+0, 1.73984e+0, 0.00000e+0, 3.88375e+2, 0.00000e+0, 5.04386e+2, 0.00000e+0, 2.80843e+1, 0.00000e+0, 2.96591e+1, 0.00000e+0, 2.74809e+0, 0.00000e+0, 2.42666e+0, 0.00000e+0, 2.00000e+1, 0.00000e+0, 1.50000e+1, 0.00000e+0, 2, -1, Disabled
06/17/2024 11:44:53.349, 06/17/2024 11:44:53.295, 4.11829e+0, 0.00000e+0, 9.85237e+1, 0.00000e+0, 1.71450e+0, 0.00000e+0, 1.55019e+4, 0.00000e+0, 1.81427e+4, 0.00000e+0, 3.87231e+2, 0.00000e+0, 1.74149e+0, 0.00000e+0, 3.93328e+2, 0.00000e+0, 5.04490e+2, 0.00000e+0, 2.80823e+1, 0.00000e+0, 2.97044e+1, 0.00000e+0, 2.74765e+0, 0.00000e+0, 2.42682e+0, 0.00000e+0, 2.00000e+1, 0.00000e+0, 1.50000e+1, 0.00000e+0, 2, -1, Disabled
06/17/2024 11:44:54.364, 06/17/2024 11:44:54.289, 4.11887e+0, 0.00000e+0, 9.85375e+1, 0.00000e+0, 1.70515e+0, 0.00000e+0, 1.52729e+4, 0.00000e+0, 1.75432e+4, 0.00000e+0, 3.85000e+2, 0.00000e+0, 1.73160e+0, 0.00000e+0, 3.90972e+2, 0.00000e+0, 5.04369e+2, 0.00000e+0, 2.80809e+1, 0.00000e+0, 2.96630e+1, 0.00000e+0, 2.74611e+0, 0.00000e+0, 2.42683e+0, 0.00000e+0, 2.00000e+1, 0.00000e+0, 1.50000e+1, 0.00000e+0, 2, -1, Disabled
06/17/2024 11:44:55.385, 06/17/2024 11:44:55.291, 4.11814e+0, 0.00000e+0, 9.85200e+1, 0.00000e+0, 1.71150e+0, 0.00000e+0, 1.47830e+4, 0.00000e+0, 1.74892e+4, 0.00000e+0, 3.82173e+2, 0.00000e+0, 1.73718e+0, 0.00000e+0, 3.87908e+2, 0.00000e+0, 5.04395e+2, 0.00000e+0, 2.80759e+1, 0.00000e+0, 2.96971e+1, 0.00000e+0, 2.74704e+0, 0.00000e+0, 2.42694e+0, 0.00000e+0, 2.00000e+1, 0.00000e+0, 1.50000e+1, 0.00000e+0, 3, -1, Disabled
06/17/2024 11:44:56.378, 06/17/2024 11:44:56.286, 4.11843e+0, 0.00000e+0, 9.85271e+1, 0.00000e+0, 1.72157e+0, 0.00000e+0, 1.52055e+4, 0.00000e+0, 1.75940e+4, 0.00000e+0, 3.87959e+2, 0.00000e+0, 1.74815e+0, 0.00000e+0, 3.93949e+2, 0.00000e+0, 5.04487e+2, 0.00000e+0, 2.80742e+1, 0.00000e+0, 2.96766e+1, 0.00000e+0, 2.74680e+0, 0.00000e+0, 2.42588e+0, 0.00000e+0, 2.00000e+1, 0.00000e+0, 1.50000e+1, 0.00000e+0, 3, -1, Disabled
06/17/2024 11:44:57.363, 06/17/2024 11:44:57.279, 4.11812e+0, 0.00000e+0, 9.85196e+1, 0.00000e+0, 1.71567e+0, 0.00000e+0, 1.56206e+4, 0.00000e+0, 1.76293e+4, 0.00000e+0, 3.87511e+2, 0.00000e+0, 1.74289e+0, 0.00000e+0, 3.93660e+2, 0.00000e+0, 5.04331e+2, 0.00000e+0, 2.80743e+1, 0.00000e+0, 2.96977e+1, 0.00000e+0, 2.74752e+0, 0.00000e+0, 2.42524e+0, 0.00000e+0, 2.00000e+1, 0.00000e+0, 1.50000e+1, 0.00000e+0, 3, -1, Disabled
06/17/2024 11:44:58.355, 06/17/2024 11:44:58.274, 4.11855e+0, 0.00000e+0, 9.85298e+1, 0.00000e+0, 1.71726e+0, 0.00000e+0, 1.61290e+4, 0.00000e+0, 1.76535e+4, 0.00000e+0, 3.88586e+2, 0.00000e+0, 1.74541e+0, 0.00000e+0, 3.94956e+2, 0.00000e+0, 5.04490e+2, 0.00000e+0, 2.80742e+1, 0.00000e+0, 2.97050e+1, 0.00000e+0, 2.74811e+0, 0.00000e+0, 2.42556e+0, 0.00000e+0, 2.00000e+1, 0.00000e+0, 1.50000e+1, 0.00000e+0, 3, -1, Disabled
06/17/2024 11:44:59.357, 06/17/2024 11:44:59.269, 4.11886e+0, 0.00000e+0, 9.85374e+1, 0.00000e+0, 1.70702e+0, 0.00000e+0, 1.48797e+4, 0.00000e+0, 1.76847e+4, 0.00000e+0, 3.86401e+2, 0.00000e+0, 1.73281e+0, 0.00000e+0, 3.92237e+2, 0.00000e+0, 5.04383e+2, 0.00000e+0, 2.80727e+1, 0.00000e+0, 2.96949e+1, 0.00000e+0, 2.74721e+0, 0.00000e+0, 2.42528e+0, 0.00000e+0, 2.00000e+1, 0.00000e+0, 1.50000e+1, 0.00000e+0, 3, -1, Disabled
06/17/2024 11:45:00.358, 06/17/2024 11:45:00.263, 4.11816e+0, 0.00000e+0, 9.85207e+1, 0.00000e+0, 1.70380e+0, 0.00000e+0, 1.56600e+4, 0.00000e+0, 1.79921e+4, 0.00000e+0, 3.88062e+2, 0.00000e+0, 1.73091e+0, 0.00000e+0, 3.94236e+2, 0.00000e+0, 5.04435e+2, 0.00000e+0, 2.80733e+1, 0.00000e+0, 2.97480e+1, 0.00000e+0, 2.74675e+0, 0.00000e+0, 2.42537e+0, 0.00000e+0, 2.00000e+1, 0.00000e+0, 1.50000e+1, 0.00000e+0, 3, -1, Disabled
06/17/2024 11:45:01.311, 06/17/2024 11:45:01.257, 4.11875e+0, 0.00000e+0, 9.85347e+1, 0.00000e+0, 1.70709e+0, 0.00000e+0, 1.46876e+4, 0.00000e+0, 1.71384e+4, 0.00000e+0, 3.83075e+2, 0.00000e+0, 1.73253e+0, 0.00000e+0, 3.88786e+2, 0.00000e+0, 5.04398e+2, 0.00000e+0, 2.80884e+1, 0.00000e+0, 2.96936e+1, 0.00000e+0, 2.74509e+0, 0.00000e+0, 2.42551e+0, 0.00000e+0, 2.00000e+1, 0.00000e+0, 1.50000e+1, 0.00000e+0, 3, -1, Disabled
06/17/2024 11:45:02.338, 06/17/2024 11:45:02.259, 4.11809e+0, 0.00000e+0, 9.85190e+1, 0.00000e+0, 1.71496e+0, 0.00000e+0, 1.52840e+4, 0.00000e+0, 1.79261e+4, 0.00000e+0, 3.87445e+2, 0.00000e+0, 1.74158e+0, 0.00000e+0, 3.93459e+2, 0.00000e+0, 5.04388e+2, 0.00000e+0, 2.81094e+1, 0.00000e+0, 2.97239e+1, 0.00000e+0, 2.74537e+0, 0.00000e+0, 2.42301e+0, 0.00000e+0, 2.00000e+1, 0.00000e+0, 1.50000e+1, 0.00000e+0, 3, -1, Disabled
06/17/2024 11:45:03.339, 06/17/2024 11:45:03.253, 4.11854e+0, 0.00000e+0, 9.85297e+1, 0.00000e+0, 1.70113e+0, 0.00000e+0, 1.64980e+4, 0.00000e+0, 1.80297e+4, 0.00000e+0, 3.87199e+2, 0.00000e+0, 1.72967e+0, 0.00000e+0, 3.93694e+2, 0.00000e+0, 5.04516e+2, 0.00000e+0, 2.80784e+1, 0.00000e+0, 2.97237e+1, 0.00000e+0, 2.74148e+0, 0.00000e+0, 2.42211e+0, 0.00000e+0, 2.00000e+1, 0.00000e+0, 1.50000e+1, 0.00000e+0, 3, -1, Disabled
06/17/2024 11:45:04.308, 06/17/2024 11:45:04.247, 4.11783e+0, 0.00000e+0, 9.85127e+1, 0.00000e+0, 1.70708e+0, 0.00000e+0, 1.47873e+4, 0.00000e+0, 1.77398e+4, 0.00000e+0, 3.89262e+2, 0.00000e+0, 1.73270e+0, 0.00000e+0, 3.95104e+2, 0.00000e+0, 5.04312e+2, 0.00000e+0, 2.80761e+1, 0.00000e+0, 2.97074e+1, 0.00000e+0, 2.74711e+0, 0.00000e+0, 2.42466e+0, 0.00000e+0, 2.00000e+1, 0.00000e+0, 1.50000e+1, 0.00000e+0, 3, -1, Disabled
06/17/2024 11:45:05.300, 06/17/2024 11:45:05.242, 4.11807e+0, 0.00000e+0, 9.85183e+1, 0.00000e+0, 1.70629e+0, 0.00000e+0, 1.53553e+4, 0.00000e+0, 1.77862e+4, 0.00000e+0, 3.89298e+2, 0.00000e+0, 1.73290e+0, 0.00000e+0, 3.95369e+2, 0.00000e+0, 5.04444e+2, 0.00000e+0, 2.80770e+1, 0.00000e+0, 2.97308e+1, 0.00000e+0, 2.74689e+0, 0.00000e+0, 2.42382e+0, 0.00000e+0, 2.00000e+1, 0.00000e+0, 1.50000e+1, 0.00000e+0, 3, -1, Disabled
06/17/2024 11:45:06.316, 06/17/2024 11:45:06.236, 4.11854e+0, 0.00000e+0, 9.85298e+1, 0.00000e+0, 1.71325e+0, 0.00000e+0, 1.48670e+4, 0.00000e+0, 1.75978e+4, 0.00000e+0, 3.86924e+2, 0.00000e+0, 1.73911e+0, 0.00000e+0, 3.92763e+2, 0.00000e+0, 5.04348e+2, 0.00000e+0, 2.80873e+1, 0.00000e+0, 2.96977e+1, 0.00000e+0, 2.74539e+0, 0.00000e+0, 2.42336e+0, 0.00000e+0, 2.00000e+1, 0.00000e+0, 1.50000e+1, 0.00000e+0, 3, -1, Disabled
06/17/2024 11:45:07.303, 06/17/2024 11:45:07.232, 4.11827e+0, 0.00000e+0, 9.85232e+1, 0.00000e+0, 1.69500e+0, 0.00000e+0, 1.57787e+4, 0.00000e+0, 1.74839e+4, 0.00000e+0, 3.82982e+2, 0.00000e+0, 1.72217e+0, 0.00000e+0, 3.89122e+2, 0.00000e+0, 5.04417e+2, 0.00000e+0, 2.80792e+1, 0.00000e+0, 2.97508e+1, 0.00000e+0, 2.74587e+0, 0.00000e+0, 2.42420e+0, 0.00000e+0, 2.00000e+1, 0.00000e+0, 1.50000e+1, 0.00000e+0, 3, -1, Disabled
06/17/2024 11:45:08.312, 06/17/2024 11:45:08.226, 4.11850e+0, 0.00000e+0, 9.85288e+1, 0.00000e+0, 1.71436e+0, 0.00000e+0, 1.57580e+4, 0.00000e+0, 1.81645e+4, 0.00000e+0, 3.83210e+2, 0.00000e+0, 1.74181e+0, 0.00000e+0, 3.89345e+2, 0.00000e+0, 5.04416e+2, 0.00000e+0, 2.80890e+1, 0.00000e+0, 2.97126e+1, 0.00000e+0, 2.74570e+0, 0.00000e+0, 2.42333e+0, 0.00000e+0, 2.00000e+1, 0.00000e+0, 1.50000e+1, 0.00000e+0, 3, -1, Disabled
06/17/2024 11:45:09.298, 06/17/2024 11:45:09.220, 4.11791e+0, 0.00000e+0, 9.85145e+1, 0.00000e+0, 1.71299e+0, 0.00000e+0, 1.58438e+4, 0.00000e+0, 1.76189e+4, 0.00000e+0, 3.83246e+2, 0.00000e+0, 1.74057e+0, 0.00000e+0, 3.89416e+2, 0.00000e+0, 5.04378e+2, 0.00000e+0, 2.80861e+1, 0.00000e+0, 2.97410e+1, 0.00000e+0, 2.74685e+0, 0.00000e+0, 2.42478e+0, 0.00000e+0, 2.00000e+1, 0.00000e+0, 1.50000e+1, 0.00000e+0, 3, -1, Disabled
06/17/2024 11:45:10.292, 06/17/2024 11:45:10.215, 4.11848e+0, 0.00000e+0, 9.85282e+1, 0.00000e+0, 1.71585e+0, 0.00000e+0, 1.55785e+4, 0.00000e+0, 1.81038e+4, 0.00000e+0, 3.82332e+2, 0.00000e+0, 1.74300e+0, 0.00000e+0, 3.88382e+2, 0.00000e+0, 5.04462e+2, 0.00000e+0, 2.81142e+1, 0.00000e+0, 2.97237e+1, 0.00000e+0, 2.74587e+0, 0.00000e+0, 2.42215e+0, 0.00000e+0, 2.00000e+1, 0.00000e+0, 1.50000e+1, 0.00000e+0, 3, -1, Disabled
06/17/2024 11:45:11.267, 06/17/2024 11:45:11.210, 4.11824e+0, 0.00000e+0, 9.85225e+1, 0.00000e+0, 1.71374e+0, 0.00000e+0, 1.54612e+4, 0.00000e+0, 1.77187e+4, 0.00000e+0, 3.90705e+2, 0.00000e+0, 1.74065e+0, 0.00000e+0, 3.96840e+2, 0.00000e+0, 5.04332e+2, 0.00000e+0, 2.80732e+1, 0.00000e+0, 2.97094e+1, 0.00000e+0, 2.74539e+0, 0.00000e+0, 2.42306e+0, 0.00000e+0, 2.00000e+1, 0.00000e+0, 1.50000e+1, 0.00000e+0, 3, -1, Disabled
06/17/2024 11:45:12.265, 06/17/2024 11:45:12.204, 4.11837e+0, 0.00000e+0, 9.85256e+1, 0.00000e+0, 1.71568e+0, 0.00000e+0, 1.54489e+4, 0.00000e+0, 1.82443e+4, 0.00000e+0, 3.85526e+2, 0.00000e+0, 1.74260e+0, 0.00000e+0, 3.91576e+2, 0.00000e+0, 5.04477e+2, 0.00000e+0, 2.80784e+1, 0.00000e+0, 2.97381e+1, 0.00000e+0, 2.74520e+0, 0.00000e+0, 2.42324e+0, 0.00000e+0, 2.00000e+1, 0.00000e+0, 1.50000e+1, 0.00000e+0, 3, -1, Disabled
06/17/2024 11:45:13.257, 06/17/2024 11:45:13.199, 4.11877e+0, 0.00000e+0, 9.85351e+1, 0.00000e+0, 1.70737e+0, 0.00000e+0, 1.56678e+4, 0.00000e+0, 1.78276e+4, 0.00000e+0, 3.84875e+2, 0.00000e+0, 1.73454e+0, 0.00000e+0, 3.91001e+2, 0.00000e+0, 5.04379e+2, 0.00000e+0, 2.80712e+1, 0.00000e+0, 2.97144e+1, 0.00000e+0, 2.74390e+0, 0.00000e+0, 2.42241e+0, 0.00000e+0, 2.00000e+1, 0.00000e+0, 1.50000e+1, 0.00000e+0, 3, -1, Disabled
06/17/2024 11:45:14.252, 06/17/2024 11:45:14.194, 4.11801e+0, 0.00000e+0, 9.85169e+1, 0.00000e+0, 1.71444e+0, 0.00000e+0, 1.44463e+4, 0.00000e+0, 1.77837e+4, 0.00000e+0, 3.81482e+2, 0.00000e+0, 1.73957e+0, 0.00000e+0, 3.87074e+2, 0.00000e+0, 5.04371e+2, 0.00000e+0, 2.80681e+1, 0.00000e+0, 2.97310e+1, 0.00000e+0, 2.74336e+0, 0.00000e+0, 2.42232e+0, 0.00000e+0, 2.00000e+1, 0.00000e+0, 1.50000e+1, 0.00000e+0, 3, -1, Disabled
06/17/2024 11:45:15.244, 06/17/2024 11:45:15.187, 4.11850e+0, 0.00000e+0, 9.85287e+1, 0.00000e+0, 1.71559e+0, 0.00000e+0, 1.60186e+4, 0.00000e+0, 1.83823e+4, 0.00000e+0, 3.83476e+2, 0.00000e+0, 1.74352e+0, 0.00000e+0, 3.89719e+2, 0.00000e+0, 5.04471e+2, 0.00000e+0, 2.80703e+1, 0.00000e+0, 2.96987e+1, 0.00000e+0, 2.74502e+0, 0.00000e+0, 2.42191e+0, 0.00000e+0, 2.00000e+1, 0.00000e+0, 1.50000e+1, 0.00000e+0, 3, -1, Disabled
06/17/2024 11:45:16.263, 06/17/2024 11:45:16.182, 4.11816e+0, 0.00000e+0, 9.85206e+1, 0.00000e+0, 1.71204e+0, 0.00000e+0, 1.63051e+4, 0.00000e+0, 1.79687e+4, 0.00000e+0, 3.86058e+2, 0.00000e+0, 1.74042e+0, 0.00000e+0, 3.92457e+2, 0.00000e+0, 5.04351e+2, 0.00000e+0, 2.80756e+1, 0.00000e+0, 2.97122e+1, 0.00000e+0, 2.74276e+0, 0.00000e+0, 2.42272e+0, 0.00000e+0, 2.00000e+1, 0.00000e+0, 1.50000e+1, 0.00000e+0, 3, -1, Disabled
06/17/2024 11:45:17.242, 06/17/2024 11:45:17.184, 4.11814e+0, 0.00000e+0, 9.85201e+1, 0.00000e+0, 1.71383e+0, 0.00000e+0, 1.66473e+4, 0.00000e+0, 1.87109e+4, 0.00000e+0, 3.84400e+2, 0.00000e+0, 1.74284e+0, 0.00000e+0, 3.90907e+2, 0.00000e+0, 5.04465e+2, 0.00000e+0, 2.81084e+1, 0.00000e+0, 2.97338e+1, 0.00000e+0, 2.74362e+0, 0.00000e+0, 2.42193e+0, 0.00000e+0, 2.00000e+1, 0.00000e+0, 1.50000e+1, 0.00000e+0, 3, -1, Disabled
06/17/2024 11:45:18.235, 06/17/2024 11:45:18.178, 4.11857e+0, 0.00000e+0, 9.85305e+1, 0.00000e+0, 1.70323e+0, 0.00000e+0, 1.54875e+4, 0.00000e+0, 1.76326e+4, 0.00000e+0, 3.83459e+2, 0.00000e+0, 1.73002e+0, 0.00000e+0, 3.89491e+2, 0.00000e+0, 5.04366e+2, 0.00000e+0, 2.81010e+1, 0.00000e+0, 2.96870e+1, 0.00000e+0, 2.74340e+0, 0.00000e+0, 2.42322e+0, 0.00000e+0, 2.00000e+1, 0.00000e+0, 1.50000e+1, 0.00000e+0, 3, -1, Disabled
06/17/2024 11:45:19.263, 06/17/2024 11:45:19.174, 4.11840e+0, 0.00000e+0, 9.85263e+1, 0.00000e+0, 1.72303e+0, 0.00000e+0, 1.54433e+4, 0.00000e+0, 1.77679e+4, 0.00000e+0, 3.83243e+2, 0.00000e+0, 1.75006e+0, 0.00000e+0, 3.89255e+2, 0.00000e+0, 5.04463e+2, 0.00000e+0, 2.81084e+1, 0.00000e+0, 2.97551e+1, 0.00000e+0, 2.74424e+0, 0.00000e+0, 2.42152e+0, 0.00000e+0, 2.00000e+1, 0.00000e+0, 1.50000e+1, 0.00000e+0, 3, -1, Disabled
06/17/2024 11:45:20.244, 06/17/2024 11:45:20.166, 4.11835e+0, 0.00000e+0, 9.85252e+1, 0.00000e+0, 1.71718e+0, 0.00000e+0, 1.52705e+4, 0.00000e+0, 1.78876e+4, 0.00000e+0, 3.81498e+2, 0.00000e+0, 1.74381e+0, 0.00000e+0, 3.87414e+2, 0.00000e+0, 5.04393e+2, 0.00000e+0, 2.81086e+1, 0.00000e+0, 2.96868e+1, 0.00000e+0, 2.74332e+0, 0.00000e+0, 2.42047e+0, 0.00000e+0, 2.00000e+1, 0.00000e+0, 1.50000e+1, 0.00000e+0, 3, -1, Disabled
06/17/2024 11:45:21.242, 06/17/2024 11:45:21.162, 4.11852e+0, 0.00000e+0, 9.85293e+1, 0.00000e+0, 1.71197e+0, 0.00000e+0, 1.49093e+4, 0.00000e+0, 1.75214e+4, 0.00000e+0, 3.82067e+2, 0.00000e+0, 1.73788e+0, 0.00000e+0, 3.87850e+2, 0.00000e+0, 5.04404e+2, 0.00000e+0, 2.81107e+1, 0.00000e+0, 2.97375e+1, 0.00000e+0, 2.74302e+0, 0.00000e+0, 2.42092e+0, 0.00000e+0, 2.00000e+1, 0.00000e+0, 1.50000e+1, 0.00000e+0, 3, -1, Disabled
06/17/2024 11:45:22.234, 06/17/2024 11:45:22.156, 4.11877e+0, 0.00000e+0, 9.85352e+1, 0.00000e+0, 1.71273e+0, 0.00000e+0, 1.56605e+4, 0.00000e+0, 1.75090e+4, 0.00000e+0, 3.81297e+2, 0.00000e+0, 1.73998e+0, 0.00000e+0, 3.87363e+2, 0.00000e+0, 5.04483e+2, 0.00000e+0, 2.81125e+1, 0.00000e+0, 2.97155e+1, 0.00000e+0, 2.74413e+0, 0.00000e+0, 2.42128e+0, 0.00000e+0, 2.00000e+1, 0.00000e+0, 1.50000e+1, 0.00000e+0, 3, -1, Disabled
06/17/2024 11:45:23.228, 06/17/2024 11:45:23.150, 4.11829e+0, 0.00000e+0, 9.85237e+1, 0.00000e+0, 1.71148e+0, 0.00000e+0, 1.49490e+4, 0.00000e+0, 1.79796e+4, 0.00000e+0, 3.83591e+2, 0.00000e+0, 1.73746e+0, 0.00000e+0, 3.89413e+2, 0.00000e+0, 5.04296e+2, 0.00000e+0, 2.81107e+1, 0.00000e+0, 2.97039e+1, 0.00000e+0, 2.74376e+0, 0.00000e+0, 2.42146e+0, 0.00000e+0, 2.00000e+1, 0.00000e+0, 1.50000e+1, 0.00000e+0, 3, -1, Disabled
06/17/2024 11:45:24.223, 06/17/2024 11:45:24.146, 4.11843e+0, 0.00000e+0, 9.85271e+1, 0.00000e+0, 1.70050e+0, 0.00000e+0, 1.49087e+4, 0.00000e+0, 1.77030e+4, 0.00000e+0, 3.83268e+2, 0.00000e+0, 1.72624e+0, 0.00000e+0, 3.89068e+2, 0.00000e+0, 5.04460e+2, 0.00000e+0, 2.81116e+1, 0.00000e+0, 2.97529e+1, 0.00000e+0, 2.74349e+0, 0.00000e+0, 2.42110e+0, 0.00000e+0, 2.00000e+1, 0.00000e+0, 1.50000e+1, 0.00000e+0, 3, -1, Disabled
06/17/2024 11:45:25.194, 06/17/2024 11:45:25.140, 4.11909e+0, 0.00000e+0, 9.85429e+1, 0.00000e+0, 1.70948e+0, 0.00000e+0, 1.55761e+4, 0.00000e+0, 1.70826e+4, 0.00000e+0, 3.79563e+2, 0.00000e+0, 1.73653e+0, 0.00000e+0, 3.85569e+2, 0.00000e+0, 5.04419e+2, 0.00000e+0, 2.81089e+1, 0.00000e+0, 2.97004e+1, 0.00000e+0, 2.74222e+0, 0.00000e+0, 2.42099e+0, 0.00000e+0, 2.00000e+1, 0.00000e+0, 1.50000e+1, 0.00000e+0, 3, -1, Disabled
06/17/2024 11:45:26.194, 06/17/2024 11:45:26.134, 4.11874e+0, 0.00000e+0, 9.85345e+1, 0.00000e+0, 1.72246e+0, 0.00000e+0, 1.55178e+4, 0.00000e+0, 1.83333e+4, 0.00000e+0, 3.80998e+2, 0.00000e+0, 1.74961e+0, 0.00000e+0, 3.87003e+2, 0.00000e+0, 5.04425e+2, 0.00000e+0, 2.81142e+1, 0.00000e+0, 2.97609e+1, 0.00000e+0, 2.74285e+0, 0.00000e+0, 2.42037e+0, 0.00000e+0, 2.00000e+1, 0.00000e+0, 1.50000e+1, 0.00000e+0, 3, -1, Disabled
06/17/2024 11:45:27.188, 06/17/2024 11:45:27.129, 4.11924e+0, 0.00000e+0, 9.85464e+1, 0.00000e+0, 1.71319e+0, 0.00000e+0, 1.51677e+4, 0.00000e+0, 1.75933e+4, 0.00000e+0, 3.83767e+2, 0.00000e+0, 1.73957e+0, 0.00000e+0, 3.89677e+2, 0.00000e+0, 5.04448e+2, 0.00000e+0, 2.81061e+1, 0.00000e+0, 2.97198e+1, 0.00000e+0, 2.74385e+0, 0.00000e+0, 2.42007e+0, 0.00000e+0, 2.00000e+1, 0.00000e+0, 1.50000e+1, 0.00000e+0, 3, -1, Disabled
06/17/2024 11:45:28.205, 06/17/2024 11:45:28.123, 4.11871e+0, 0.00000e+0, 9.85336e+1, 0.00000e+0, 1.70780e+0, 0.00000e+0, 1.58710e+4, 0.00000e+0, 1.79534e+4, 0.00000e+0, 3.81724e+2, 0.00000e+0, 1.73534e+0, 0.00000e+0, 3.87880e+2, 0.00000e+0, 5.04358e+2, 0.00000e+0, 2.81085e+1, 0.00000e+0, 2.97665e+1, 0.00000e+0, 2.74435e+0, 0.00000e+0, 2.42076e+0, 0.00000e+0, 2.00000e+1, 0.00000e+0, 1.50000e+1, 0.00000e+0, 3, -1, Disabled
06/17/2024 11:45:29.195, 06/17/2024 11:45:29.119, 4.11917e+0, 0.00000e+0, 9.85447e+1, 0.00000e+0, 1.71243e+0, 0.00000e+0, 1.44204e+4, 0.00000e+0, 1.73082e+4, 0.00000e+0, 3.83569e+2, 0.00000e+0, 1.73748e+0, 0.00000e+0, 3.89181e+2, 0.00000e+0, 5.04528e+2, 0.00000e+0, 2.81107e+1, 0.00000e+0, 2.97542e+1, 0.00000e+0, 2.74270e+0, 0.00000e+0, 2.42111e+0, 0.00000e+0, 2.00000e+1, 0.00000e+0, 1.50000e+1, 0.00000e+0, 3, -1, Disabled
06/17/2024 11:45:30.169, 06/17/2024 11:45:30.112, 4.11931e+0, 0.00000e+0, 9.85482e+1, 0.00000e+0, 1.71314e+0, 0.00000e+0, 1.51532e+4, 0.00000e+0, 1.75499e+4, 0.00000e+0, 3.84321e+2, 0.00000e+0, 1.73950e+0, 0.00000e+0, 3.90235e+2, 0.00000e+0, 5.04347e+2, 0.00000e+0, 2.81095e+1, 0.00000e+0, 2.97329e+1, 0.00000e+0, 2.74202e+0, 0.00000e+0, 2.42072e+0, 0.00000e+0, 2.00000e+1, 0.00000e+0, 1.50000e+1, 0.00000e+0, 3, -1, Disabled
06/17/2024 11:45:31.162, 06/17/2024 11:45:31.107, 4.11889e+0, 0.00000e+0, 9.85380e+1, 0.00000e+0, 1.71108e+0, 0.00000e+0, 1.53720e+4, 0.00000e+0, 1.74379e+4, 0.00000e+0, 3.82173e+2, 0.00000e+0, 1.73779e+0, 0.00000e+0, 3.88139e+2, 0.00000e+0, 5.04509e+2, 0.00000e+0, 2.81136e+1, 0.00000e+0, 2.97924e+1, 0.00000e+0, 2.74253e+0, 0.00000e+0, 2.42061e+0, 0.00000e+0, 2.00000e+1, 0.00000e+0, 1.50000e+1, 0.00000e+0, 3, -1, Disabled
06/17/2024 11:45:32.180, 06/17/2024 11:45:32.101, 4.11908e+0, 0.00000e+0, 9.85427e+1, 0.00000e+0, 1.70922e+0, 0.00000e+0, 1.52699e+4, 0.00000e+0, 1.81602e+4, 0.00000e+0, 3.78919e+2, 0.00000e+0, 1.73572e+0, 0.00000e+0, 3.84794e+2, 0.00000e+0, 5.04433e+2, 0.00000e+0, 2.81045e+1, 0.00000e+0, 2.97559e+1, 0.00000e+0, 2.74318e+0, 0.00000e+0, 2.42050e+0, 0.00000e+0, 2.00000e+1, 0.00000e+0, 1.50000e+1, 0.00000e+0, 3, -1, Disabled
06/17/2024 11:45:33.178, 06/17/2024 11:45:33.097, 4.11898e+0, 0.00000e+0, 9.85402e+1, 0.00000e+0, 1.71604e+0, 0.00000e+0, 1.50684e+4, 0.00000e+0, 1.76550e+4, 0.00000e+0, 3.85534e+2, 0.00000e+0, 1.74229e+0, 0.00000e+0, 3.91433e+2, 0.00000e+0, 5.04365e+2, 0.00000e+0, 2.81077e+1, 0.00000e+0, 2.97670e+1, 0.00000e+0, 2.74261e+0, 0.00000e+0, 2.42060e+0, 0.00000e+0, 2.00000e+1, 0.00000e+0, 1.50000e+1, 0.00000e+0, 3, -1, Disabled
06/17/2024 11:45:34.172, 06/17/2024 11:45:34.090, 4.11911e+0, 0.00000e+0, 9.85434e+1, 0.00000e+0, 1.71014e+0, 0.00000e+0, 1.51379e+4, 0.00000e+0, 1.74056e+4, 0.00000e+0, 3.82507e+2, 0.00000e+0, 1.73643e+0, 0.00000e+0, 3.88386e+2, 0.00000e+0, 5.04503e+2, 0.00000e+0, 2.80819e+1, 0.00000e+0, 2.97420e+1, 0.00000e+0, 2.74294e+0, 0.00000e+0, 2.42119e+0, 0.00000e+0, 2.00000e+1, 0.00000e+0, 7.00000e+0, 0.00000e+0, 3, -1, Disabled
06/17/2024 11:45:35.160, 06/17/2024 11:45:35.086, 4.11897e+0, 0.00000e+0, 9.85400e+1, 0.00000e+0, 1.70443e+0, 0.00000e+0, 1.47988e+4, 0.00000e+0, 1.76491e+4, 0.00000e+0, 3.87229e+2, 0.00000e+0, 1.73004e+0, 0.00000e+0, 3.93046e+2, 0.00000e+0, 5.04348e+2, 0.00000e+0, 2.80757e+1, 0.00000e+0, 2.97558e+1, 0.00000e+0, 2.74030e+0, 0.00000e+0, 2.42008e+0, 0.00000e+0, 2.00000e+1, 0.00000e+0, 7.00000e+0, 0.00000e+0, 3, -1, Disabled
06/17/2024 11:45:36.157, 06/17/2024 11:45:36.081, 4.11895e+0, 0.00000e+0, 9.85395e+1, 0.00000e+0, 1.71833e+0, 0.00000e+0, 1.53334e+4, 0.00000e+0, 1.81524e+4, 0.00000e+0, 3.85917e+2, 0.00000e+0, 1.74509e+0, 0.00000e+0, 3.91927e+2, 0.00000e+0, 5.04487e+2, 0.00000e+0, 2.80746e+1, 0.00000e+0, 2.97810e+1, 0.00000e+0, 2.74166e+0, 0.00000e+0, 2.41999e+0, 0.00000e+0, 2.00000e+1, 0.00000e+0, 7.00000e+0, 0.00000e+0, 3, -1, Disabled
06/17/2024 11:45:37.170, 06/17/2024 11:45:37.074, 4.11916e+0, 0.00000e+0, 9.85446e+1, 0.00000e+0, 1.71214e+0, 0.00000e+0, 1.52828e+4, 0.00000e+0, 1.82558e+4, 0.00000e+0, 3.88346e+2, 0.00000e+0, 1.73872e+0, 0.00000e+0, 3.94373e+2, 0.00000e+0, 5.04388e+2, 0.00000e+0, 2.80740e+1, 0.00000e+0, 2.97368e+1, 0.00000e+0, 2.74249e+0, 0.00000e+0, 2.41933e+0, 0.00000e+0, 2.00000e+1, 0.00000e+0, 7.00000e+0, 0.00000e+0, 3, -1, Disabled
06/17/2024 11:45:38.145, 06/17/2024 11:45:38.068, 4.11884e+0, 0.00000e+0, 9.85369e+1, 0.00000e+0, 1.70766e+0, 0.00000e+0, 1.57590e+4, 0.00000e+0, 1.78657e+4, 0.00000e+0, 3.89049e+2, 0.00000e+0, 1.73500e+0, 0.00000e+0, 3.95278e+2, 0.00000e+0, 5.04462e+2, 0.00000e+0, 2.80756e+1, 0.00000e+0, 2.97876e+1, 0.00000e+0, 2.74387e+0, 0.00000e+0, 2.41907e+0, 0.00000e+0, 2.00000e+1, 0.00000e+0, 7.00000e+0, 0.00000e+0, 3, -1, Disabled
06/17/2024 11:45:39.140, 06/17/2024 11:45:39.063, 4.11903e+0, 0.00000e+0, 9.85413e+1, 0.00000e+0, 1.71642e+0, 0.00000e+0, 1.57225e+4, 0.00000e+0, 1.82886e+4, 0.00000e+0, 3.90202e+2, 0.00000e+0, 1.74384e+0, 0.00000e+0, 3.96435e+2, 0.00000e+0, 5.04444e+2, 0.00000e+0, 2.80789e+1, 0.00000e+0, 2.97428e+1, 0.00000e+0, 2.74071e+0, 0.00000e+0, 2.41904e+0, 0.00000e+0, 2.00000e+1, 0.00000e+0, 7.00000e+0, 0.00000e+0, 3, -1, Disabled
06/17/2024 11:45:40.136, 06/17/2024 11:45:40.058, 4.11911e+0, 0.00000e+0, 9.85434e+1, 0.00000e+0, 1.71321e+0, 0.00000e+0, 1.51283e+4, 0.00000e+0, 1.77963e+4, 0.00000e+0, 3.88170e+2, 0.00000e+0, 1.73953e+0, 0.00000e+0, 3.94132e+2, 0.00000e+0, 5.04335e+2, 0.00000e+0, 2.80848e+1, 0.00000e+0, 2.97680e+1, 0.00000e+0, 2.74309e+0, 0.00000e+0, 2.41929e+0, 0.00000e+0, 2.00000e+1, 0.00000e+0, 7.00000e+0, 0.00000e+0, 3, -1, Disabled
06/17/2024 11:45:41.136, 06/17/2024 11:45:41.052, 4.11924e+0, 0.00000e+0, 9.85464e+1, 0.00000e+0, 1.71128e+0, 0.00000e+0, 1.53048e+4, 0.00000e+0, 1.82024e+4, 0.00000e+0, 3.87644e+2, 0.00000e+0, 1.73787e+0, 0.00000e+0, 3.93669e+2, 0.00000e+0, 5.04507e+2, 0.00000e+0, 2.80748e+1, 0.00000e+0, 2.97499e+1, 0.00000e+0, 2.74241e+0, 0.00000e+0, 2.41937e+0, 0.00000e+0, 2.00000e+1, 0.00000e+0, 7.00000e+0, 0.00000e+0, 3, -1, Disabled
06/17/2024 11:45:42.134, 06/17/2024 11:45:42.047, 4.11897e+0, 0.00000e+0, 9.85400e+1, 0.00000e+0, 1.69340e+0, 0.00000e+0, 1.59999e+4, 0.00000e+0, 1.81694e+4, 0.00000e+0, 3.87761e+2, 0.00000e+0, 1.72094e+0, 0.00000e+0, 3.94066e+2, 0.00000e+0, 5.04336e+2, 0.00000e+0, 2.80756e+1, 0.00000e+0, 2.97433e+1, 0.00000e+0, 2.74359e+0, 0.00000e+0, 2.41814e+0, 0.00000e+0, 2.00000e+1, 0.00000e+0, 7.00000e+0, 0.00000e+0, 3, -1, Disabled
06/17/2024 11:45:43.117, 06/17/2024 11:45:43.042, 4.11900e+0, 0.00000e+0, 9.85406e+1, 0.00000e+0, 1.71003e+0, 0.00000e+0, 1.54184e+4, 0.00000e+0, 1.81824e+4, 0.00000e+0, 3.86044e+2, 0.00000e+0, 1.73681e+0, 0.00000e+0, 3.92089e+2, 0.00000e+0, 5.04461e+2, 0.00000e+0, 2.80779e+1, 0.00000e+0, 2.97756e+1, 0.00000e+0, 2.74300e+0, 0.00000e+0, 2.41927e+0, 0.00000e+0, 2.00000e+1, 0.00000e+0, 7.00000e+0, 0.00000e+0, 3, -1, Disabled
06/17/2024 11:45:44.114, 06/17/2024 11:45:44.036, 4.11919e+0, 0.00000e+0, 9.85451e+1, 0.00000e+0, 1.70482e+0, 0.00000e+0, 1.56041e+4, 0.00000e+0, 1.81228e+4, 0.00000e+0, 3.87590e+2, 0.00000e+0, 1.73184e+0, 0.00000e+0, 3.93733e+2, 0.00000e+0, 5.04422e+2, 0.00000e+0, 2.80801e+1, 0.00000e+0, 2.97401e+1, 0.00000e+0, 2.74232e+0, 0.00000e+0, 2.41889e+0, 0.00000e+0, 2.00000e+1, 0.00000e+0, 7.00000e+0, 0.00000e+0, 3, -1, Disabled
06/17/2024 11:45:45.117, 06/17/2024 11:45:45.030, 4.11873e+0, 0.00000e+0, 9.85343e+1, 0.00000e+0, 1.70010e+0, 0.00000e+0, 1.52473e+4, 0.00000e+0, 1.76640e+4, 0.00000e+0, 3.84871e+2, 0.00000e+0, 1.72643e+0, 0.00000e+0, 3.90830e+2, 0.00000e+0, 5.04405e+2, 0.00000e+0, 2.80770e+1, 0.00000e+0, 2.97885e+1, 0.00000e+0, 2.74140e+0, 0.00000e+0, 2.42020e+0, 0.00000e+0, 2.00000e+1, 0.00000e+0, 7.00000e+0, 0.00000e+0, 3, -1, Disabled
06/17/2024 11:45:46.087, 06/17/2024 11:45:46.025, 4.11911e+0, 0.00000e+0, 9.85433e+1, 0.00000e+0, 1.70775e+0, 0.00000e+0, 1.53375e+4, 0.00000e+0, 1.84184e+4, 0.00000e+0, 3.85673e+2, 0.00000e+0, 1.73435e+0, 0.00000e+0, 3.91680e+2, 0.00000e+0, 5.04457e+2, 0.00000e+0, 2.80831e+1, 0.00000e+0, 2.97504e+1, 0.00000e+0, 2.74268e+0, 0.00000e+0, 2.41949e+0, 0.00000e+0, 2.00000e+1, 0.00000e+0, 7.00000e+0, 0.00000e+0, 3, -1, Disabled
06/17/2024 11:45:47.099, 06/17/2024 11:45:47.019, 4.11919e+0, 0.00000e+0, 9.85452e+1, 0.00000e+0, 1.70766e+0, 0.00000e+0, 1.56450e+4, 0.00000e+0, 1.81055e+4, 0.00000e+0, 3.86979e+2, 0.00000e+0, 1.73480e+0, 0.00000e+0, 3.93129e+2, 0.00000e+0, 5.04342e+2, 0.00000e+0, 2.81384e+1, 0.00000e+0, 2.97377e+1, 0.00000e+0, 2.74213e+0, 0.00000e+0, 2.41887e+0, 0.00000e+0, 2.00000e+1, 0.00000e+0, 7.00000e+0, 0.00000e+0, 3, -1, Disabled
06/17/2024 11:45:48.071, 06/17/2024 11:45:48.015, 4.11903e+0, 0.00000e+0, 9.85413e+1, 0.00000e+0, 1.71747e+0, 0.00000e+0, 1.51757e+4, 0.00000e+0, 1.77872e+4, 0.00000e+0, 3.88103e+2, 0.00000e+0, 1.74394e+0, 0.00000e+0, 3.94084e+2, 0.00000e+0, 5.04493e+2, 0.00000e+0, 2.81287e+1, 0.00000e+0, 2.97704e+1, 0.00000e+0, 2.74130e+0, 0.00000e+0, 2.42008e+0, 0.00000e+0, 2.00000e+1, 0.00000e+0, 7.00000e+0, 0.00000e+0, 3, -1, Disabled
06/17/2024 11:45:49.093, 06/17/2024 11:45:49.009, 4.11943e+0, 0.00000e+0, 9.85509e+1, 0.00000e+0, 1.71303e+0, 0.00000e+0, 1.58241e+4, 0.00000e+0, 1.84299e+4, 0.00000e+0, 3.88938e+2, 0.00000e+0, 1.74057e+0, 0.00000e+0, 3.95191e+2, 0.00000e+0, 5.04352e+2, 0.00000e+0, 2.81259e+1, 0.00000e+0, 2.97237e+1, 0.00000e+0, 2.74415e+0, 0.00000e+0, 2.41876e+0, 0.00000e+0, 2.00000e+1, 0.00000e+0, 7.00000e+0, 0.00000e+0, 3, -1, Disabled
06/17/2024 11:45:50.078, 06/17/2024 11:45:50.004, 4.11910e+0, 0.00000e+0, 9.85432e+1, 0.00000e+0, 1.70910e+0, 0.00000e+0, 1.67243e+4, 0.00000e+0, 1.84516e+4, 0.00000e+0, 3.87323e+2, 0.00000e+0, 1.73817e+0, 0.00000e+0, 3.93910e+2, 0.00000e+0, 5.04451e+2, 0.00000e+0, 2.81217e+1, 0.00000e+0, 2.97752e+1, 0.00000e+0, 2.74259e+0, 0.00000e+0, 2.41935e+0, 0.00000e+0, 2.00000e+1, 0.00000e+0, 7.00000e+0, 0.00000e+0, 3, -1, Disabled
06/17/2024 11:45:51.060, 06/17/2024 11:45:50.999, 4.11901e+0, 0.00000e+0, 9.85409e+1, 0.00000e+0, 1.70231e+0, 0.00000e+0, 1.54064e+4, 0.00000e+0, 1.84476e+4, 0.00000e+0, 3.87527e+2, 0.00000e+0, 1.72894e+0, 0.00000e+0, 3.93591e+2, 0.00000e+0, 5.04460e+2, 0.00000e+0, 2.81176e+1, 0.00000e+0, 2.97222e+1, 0.00000e+0, 2.74289e+0, 0.00000e+0, 2.41903e+0, 0.00000e+0, 2.00000e+1, 0.00000e+0, 7.00000e+0, 0.00000e+0, 3, -1, Disabled
06/17/2024 11:45:52.067, 06/17/2024 11:45:51.992, 4.11903e+0, 0.00000e+0, 9.85414e+1, 0.00000e+0, 1.71353e+0, 0.00000e+0, 1.55982e+4, 0.00000e+0, 1.83457e+4, 0.00000e+0, 3.84526e+2, 0.00000e+0, 1.74068e+0, 0.00000e+0, 3.90619e+2, 0.00000e+0, 5.04378e+2, 0.00000e+0, 2.80953e+1, 0.00000e+0, 2.97511e+1, 0.00000e+0, 2.74390e+0, 0.00000e+0, 2.41784e+0, 0.00000e+0, 2.00000e+1, 0.00000e+0, 7.00000e+0, 0.00000e+0, 3, -1, Disabled
06/17/2024 11:45:53.076, 06/17/2024 11:45:52.988, 4.11925e+0, 0.00000e+0, 9.85466e+1, 0.00000e+0, 1.71834e+0, 0.00000e+0, 1.56071e+4, 0.00000e+0, 1.78929e+4, 0.00000e+0, 3.85004e+2, 0.00000e+0, 1.74558e+0, 0.00000e+0, 3.91108e+2, 0.00000e+0, 5.04493e+2, 0.00000e+0, 2.80858e+1, 0.00000e+0, 2.97543e+1, 0.00000e+0, 2.74108e+0, 0.00000e+0, 2.41933e+0, 0.00000e+0, 2.00000e+1, 0.00000e+0, 7.00000e+0, 0.00000e+0, 3, -1, Disabled
06/17/2024 11:45:54.058, 06/17/2024 11:45:53.982, 4.11921e+0, 0.00000e+0, 9.85457e+1, 0.00000e+0, 1.72382e+0, 0.00000e+0, 1.54870e+4, 0.00000e+0, 1.84478e+4, 0.00000e+0, 3.82820e+2, 0.00000e+0, 1.75093e+0, 0.00000e+0, 3.88842e+2, 0.00000e+0, 5.04354e+2, 0.00000e+0, 2.81314e+1, 0.00000e+0, 2.97290e+1, 0.00000e+0, 2.74267e+0, 0.00000e+0, 2.41880e+0, 0.00000e+0, 2.00000e+1, 0.00000e+0, 7.00000e+0, 0.00000e+0, 3, -1, Disabled
06/17/2024 11:45:55.034, 06/17/2024 11:45:54.977, 4.11868e+0, 0.00000e+0, 9.85329e+1, 0.00000e+0, 1.71042e+0, 0.00000e+0, 1.57483e+4, 0.00000e+0, 1.79787e+4, 0.00000e+0, 3.87031e+2, 0.00000e+0, 1.73779e+0, 0.00000e+0, 3.93224e+2, 0.00000e+0, 5.04477e+2, 0.00000e+0, 2.83346e+1, 0.00000e+0, 2.97737e+1, 0.00000e+0, 2.74194e+0, 0.00000e+0, 2.41929e+0, 0.00000e+0, 2.00000e+1, 0.00000e+0, 7.00000e+0, 0.00000e+0, 3, -1, Disabled
06/17/2024 11:45:56.043, 06/17/2024 11:45:55.972, 4.11915e+0, 0.00000e+0, 9.85442e+1, 0.00000e+0, 1.70725e+0, 0.00000e+0, 1.52400e+4, 0.00000e+0, 1.78904e+4, 0.00000e+0, 3.87936e+2, 0.00000e+0, 1.73367e+0, 0.00000e+0, 3.93939e+2, 0.00000e+0, 5.04435e+2, 0.00000e+0, 2.83578e+1, 0.00000e+0, 2.97454e+1, 0.00000e+0, 2.74208e+0, 0.00000e+0, 2.41915e+0, 0.00000e+0, 2.00000e+1, 0.00000e+0, 7.00000e+0, 0.00000e+0, 3, -1, Disabled
06/17/2024 11:45:57.048, 06/17/2024 11:45:56.965, 4.11877e+0, 0.00000e+0, 9.85351e+1, 0.00000e+0, 1.71082e+0, 0.00000e+0, 1.53881e+4, 0.00000e+0, 1.83715e+4, 0.00000e+0, 3.87390e+2, 0.00000e+0, 1.73756e+0, 0.00000e+0, 3.93445e+2, 0.00000e+0, 5.04367e+2, 0.00000e+0, 2.82484e+1, 0.00000e+0, 2.97477e+1, 0.00000e+0, 2.74289e+0, 0.00000e+0, 2.41942e+0, 0.00000e+0, 2.00000e+1, 0.00000e+0, 7.00000e+0, 0.00000e+0, 3, -1, Disabled
06/17/2024 11:45:58.045, 06/17/2024 11:45:57.959, 4.11908e+0, 0.00000e+0, 9.85426e+1, 0.00000e+0, 1.71187e+0, 0.00000e+0, 1.58014e+4, 0.00000e+0, 1.80968e+4, 0.00000e+0, 3.87918e+2, 0.00000e+0, 1.73935e+0, 0.00000e+0, 3.94146e+2, 0.00000e+0, 5.04494e+2, 0.00000e+0, 2.80899e+1, 0.00000e+0, 2.97316e+1, 0.00000e+0, 2.74237e+0, 0.00000e+0, 2.41802e+0, 0.00000e+0, 2.00000e+1, 0.00000e+0, 7.00000e+0, 0.00000e+0, 3, -1, Disabled
06/17/2024 11:45:59.014, 06/17/2024 11:45:58.954, 4.11894e+0, 0.00000e+0, 9.85393e+1, 0.00000e+0, 1.70757e+0, 0.00000e+0, 1.53931e+4, 0.00000e+0, 1.82393e+4, 0.00000e+0, 3.87442e+2, 0.00000e+0, 1.73426e+0, 0.00000e+0, 3.93499e+2, 0.00000e+0, 5.04357e+2, 0.00000e+0, 2.80784e+1, 0.00000e+0, 2.97564e+1, 0.00000e+0, 2.74179e+0, 0.00000e+0, 2.41875e+0, 0.00000e+0, 2.00000e+1, 0.00000e+0, 7.00000e+0, 0.00000e+0, 3, -1, Disabled
06/17/2024 11:46:00.010, 06/17/2024 11:45:59.949, 4.11882e+0, 0.00000e+0, 9.85365e+1, 0.00000e+0, 1.71665e+0, 0.00000e+0, 1.66024e+4, 0.00000e+0, 1.89412e+4, 0.00000e+0, 3.87393e+2, 0.00000e+0, 1.74563e+0, 0.00000e+0, 3.93933e+2, 0.00000e+0, 5.04434e+2, 0.00000e+0, 2.80784e+1, 0.00000e+0, 2.97615e+1, 0.00000e+0, 2.74272e+0, 0.00000e+0, 2.41958e+0, 0.00000e+0, 2.00000e+1, 0.00000e+0, 7.00000e+0, 0.00000e+0, 3, -1, Disabled
06/17/2024 11:46:01.025, 06/17/2024 11:46:00.943, 4.11874e+0, 0.00000e+0, 9.85344e+1, 0.00000e+0, 1.71722e+0, 0.00000e+0, 1.56286e+4, 0.00000e+0, 1.82621e+4, 0.00000e+0, 3.84164e+2, 0.00000e+0, 1.74449e+0, 0.00000e+0, 3.90263e+2, 0.00000e+0, 5.04389e+2, 0.00000e+0, 2.80784e+1, 0.00000e+0, 2.97334e+1, 0.00000e+0, 2.74248e+0, 0.00000e+0, 2.41907e+0, 0.00000e+0, 2.00000e+1, 0.00000e+0, 7.00000e+0, 0.00000e+0, 3, -1, Disabled
06/17/2024 11:46:02.018, 06/17/2024 11:46:01.937, 4.11872e+0, 0.00000e+0, 9.85341e+1, 0.00000e+0, 1.71354e+0, 0.00000e+0, 1.54162e+4, 0.00000e+0, 1.84208e+4, 0.00000e+0, 3.85143e+2, 0.00000e+0, 1.74037e+0, 0.00000e+0, 3.91173e+2, 0.00000e+0, 5.04424e+2, 0.00000e+0, 2.80786e+1, 0.00000e+0, 2.97766e+1, 0.00000e+0, 2.74127e+0, 0.00000e+0, 2.41876e+0, 0.00000e+0, 2.00000e+1, 0.00000e+0, 7.00000e+0, 0.00000e+0, 3, -1, Disabled
06/17/2024 11:46:03.007, 06/17/2024 11:46:02.933, 4.11903e+0, 0.00000e+0, 9.85414e+1, 0.00000e+0, 1.71082e+0, 0.00000e+0, 1.59572e+4, 0.00000e+0, 1.83193e+4, 0.00000e+0, 3.86538e+2, 0.00000e+0, 1.73857e+0, 0.00000e+0, 3.92806e+2, 0.00000e+0, 5.04434e+2, 0.00000e+0, 2.80796e+1, 0.00000e+0, 2.97356e+1, 0.00000e+0, 2.74331e+0, 0.00000e+0, 2.41977e+0, 0.00000e+0, 2.00000e+1, 0.00000e+0, 7.00000e+0, 0.00000e+0, 3, -1, Disabled
06/17/2024 11:46:04.005, 06/17/2024 11:46:03.927, 4.11889e+0, 0.00000e+0, 9.85381e+1, 0.00000e+0, 1.71151e+0, 0.00000e+0, 1.59748e+4, 0.00000e+0, 1.87816e+4, 0.00000e+0, 3.83183e+2, 0.00000e+0, 1.73930e+0, 0.00000e+0, 3.89404e+2, 0.00000e+0, 5.04329e+2, 0.00000e+0, 2.80773e+1, 0.00000e+0, 2.97513e+1, 0.00000e+0, 2.74384e+0, 0.00000e+0, 2.41903e+0, 0.00000e+0, 2.00000e+1, 0.00000e+0, 7.00000e+0, 0.00000e+0, 3, -1, Disabled
06/17/2024 11:46:04.979, 06/17/2024 11:46:04.922, 4.11935e+0, 0.00000e+0, 9.85490e+1, 0.00000e+0, 1.71122e+0, 0.00000e+0, 1.60821e+4, 0.00000e+0, 1.82878e+4, 0.00000e+0, 3.85294e+2, 0.00000e+0, 1.73919e+0, 0.00000e+0, 3.91592e+2, 0.00000e+0, 5.04502e+2, 0.00000e+0, 2.80804e+1, 0.00000e+0, 2.97286e+1, 0.00000e+0, 2.74292e+0, 0.00000e+0, 2.42013e+0, 0.00000e+0, 2.00000e+1, 0.00000e+0, 7.00000e+0, 0.00000e+0, 3, -1, Disabled
06/17/2024 11:46:05.974, 06/17/2024 11:46:05.916, 4.11886e+0, 0.00000e+0, 9.85374e+1, 0.00000e+0, 1.71672e+0, 0.00000e+0, 1.58033e+4, 0.00000e+0, 1.79712e+4, 0.00000e+0, 3.84927e+2, 0.00000e+0, 1.74428e+0, 0.00000e+0, 3.91108e+2, 0.00000e+0, 5.04320e+2, 0.00000e+0, 2.80778e+1, 0.00000e+0, 2.97311e+1, 0.00000e+0, 2.74272e+0, 0.00000e+0, 2.42035e+0, 0.00000e+0, 2.00000e+1, 0.00000e+0, 7.00000e+0, 0.00000e+0, 3, -1, Disabled
06/17/2024 11:46:06.993, 06/17/2024 11:46:06.911, 4.11873e+0, 0.00000e+0, 9.85343e+1, 0.00000e+0, 1.70693e+0, 0.00000e+0, 1.54805e+4, 0.00000e+0, 1.83023e+4, 0.00000e+0, 3.82839e+2, 0.00000e+0, 1.73377e+0, 0.00000e+0, 3.88859e+2, 0.00000e+0, 5.04438e+2, 0.00000e+0, 2.80787e+1, 0.00000e+0, 2.97461e+1, 0.00000e+0, 2.74320e+0, 0.00000e+0, 2.41967e+0, 0.00000e+0, 2.00000e+1, 0.00000e+0, 7.00000e+0, 0.00000e+0, 3, -1, Disabled
06/17/2024 11:46:07.977, 06/17/2024 11:46:07.906, 4.11893e+0, 0.00000e+0, 9.85389e+1, 0.00000e+0, 1.71835e+0, 0.00000e+0, 1.60619e+4, 0.00000e+0, 1.82062e+4, 0.00000e+0, 3.85762e+2, 0.00000e+0, 1.74640e+0, 0.00000e+0, 3.92059e+2, 0.00000e+0, 5.04361e+2, 0.00000e+0, 2.80794e+1, 0.00000e+0, 2.97202e+1, 0.00000e+0, 2.74438e+0, 0.00000e+0, 2.41911e+0, 0.00000e+0, 2.00000e+1, 0.00000e+0, 7.00000e+0, 0.00000e+0, 3, -1, Disabled
06/17/2024 11:46:08.978, 06/17/2024 11:46:08.901, 4.11838e+0, 0.00000e+0, 9.85259e+1, 0.00000e+0, 1.70902e+0, 0.00000e+0, 1.58403e+4, 0.00000e+0, 1.83261e+4, 0.00000e+0, 3.84219e+2, 0.00000e+0, 1.73653e+0, 0.00000e+0, 3.90403e+2, 0.00000e+0, 5.04408e+2, 0.00000e+0, 2.80789e+1, 0.00000e+0, 2.97649e+1, 0.00000e+0, 2.74146e+0, 0.00000e+0, 2.41987e+0, 0.00000e+0, 2.00000e+1, 0.00000e+0, 7.00000e+0, 0.00000e+0, 3, -1, Disabled
06/17/2024 11:46:09.970, 06/17/2024 11:46:09.895, 4.11909e+0, 0.00000e+0, 9.85428e+1, 0.00000e+0, 1.71292e+0, 0.00000e+0, 1.61290e+4, 0.00000e+0, 1.89979e+4, 0.00000e+0, 3.81751e+2, 0.00000e+0, 1.74100e+0, 0.00000e+0, 3.88009e+2, 0.00000e+0, 5.04360e+2, 0.00000e+0, 2.80830e+1, 0.00000e+0, 2.97210e+1, 0.00000e+0, 2.74260e+0, 0.00000e+0, 2.41963e+0, 0.00000e+0, 2.00000e+1, 0.00000e+0, 7.00000e+0, 0.00000e+0, 3, -1, Disabled
06/17/2024 11:46:10.941, 06/17/2024 11:46:10.889, 4.11901e+0, 0.00000e+0, 9.85410e+1, 0.00000e+0, 1.70136e+0, 0.00000e+0, 1.51283e+4, 0.00000e+0, 1.77556e+4, 0.00000e+0, 3.82290e+2, 0.00000e+0, 1.72749e+0, 0.00000e+0, 3.88162e+2, 0.00000e+0, 5.04381e+2, 0.00000e+0, 2.80823e+1, 0.00000e+0, 2.97581e+1, 0.00000e+0, 2.74166e+0, 0.00000e+0, 2.41807e+0, 0.00000e+0, 2.00000e+1, 0.00000e+0, 7.00000e+0, 0.00000e+0, 3, -1, Disabled
06/17/2024 11:46:11.965, 06/17/2024 11:46:11.884, 4.11922e+0, 0.00000e+0, 9.85458e+1, 0.00000e+0, 1.70721e+0, 0.00000e+0, 1.54013e+4, 0.00000e+0, 1.80664e+4, 0.00000e+0, 3.81291e+2, 0.00000e+0, 1.73391e+0, 0.00000e+0, 3.87256e+2, 0.00000e+0, 5.04467e+2, 0.00000e+0, 2.80842e+1, 0.00000e+0, 2.97321e+1, 0.00000e+0, 2.74155e+0, 0.00000e+0, 2.41942e+0, 0.00000e+0, 2.00000e+1, 0.00000e+0, 7.00000e+0, 0.00000e+0, 3, -1, Disabled
06/17/2024 11:46:12.936, 06/17/2024 11:46:12.878, 4.11908e+0, 0.00000e+0, 9.85426e+1, 0.00000e+0, 1.71537e+0, 0.00000e+0, 1.52141e+4, 0.00000e+0, 1.80200e+4, 0.00000e+0, 3.81611e+2, 0.00000e+0, 1.74187e+0, 0.00000e+0, 3.87506e+2, 0.00000e+0, 5.04311e+2, 0.00000e+0, 2.80840e+1, 0.00000e+0, 2.97382e+1, 0.00000e+0, 2.74202e+0, 0.00000e+0, 2.41918e+0, 0.00000e+0, 2.00000e+1, 0.00000e+0, 7.00000e+0, 0.00000e+0, 3, -1, Disabled
06/17/2024 11:46:13.930, 06/17/2024 11:46:13.872, 4.11933e+0, 0.00000e+0, 9.85487e+1, 0.00000e+0, 1.71915e+0, 0.00000e+0, 1.56087e+4, 0.00000e+0, 1.82305e+4, 0.00000e+0, 3.85898e+2, 0.00000e+0, 1.74641e+0, 0.00000e+0, 3.92017e+2, 0.00000e+0, 5.04498e+2, 0.00000e+0, 2.80834e+1, 0.00000e+0, 2.97234e+1, 0.00000e+0, 2.74217e+0, 0.00000e+0, 2.41897e+0, 0.00000e+0, 2.00000e+1, 0.00000e+0, 7.00000e+0, 0.00000e+0, 3, -1, Disabled
06/17/2024 11:46:14.943, 06/17/2024 11:46:14.867, 4.11905e+0, 0.00000e+0, 9.85417e+1, 0.00000e+0, 1.70999e+0, 0.00000e+0, 1.51164e+4, 0.00000e+0, 1.80161e+4, 0.00000e+0, 3.81985e+2, 0.00000e+0, 1.73624e+0, 0.00000e+0, 3.87848e+2, 0.00000e+0, 5.04355e+2, 0.00000e+0, 2.80833e+1, 0.00000e+0, 2.97336e+1, 0.00000e+0, 2.74187e+0, 0.00000e+0, 2.41843e+0, 0.00000e+0, 2.00000e+1, 0.00000e+0, 7.00000e+0, 0.00000e+0, 3, -1, Disabled
06/17/2024 11:46:15.941, 06/17/2024 11:46:15.862, 4.11908e+0, 0.00000e+0, 9.85425e+1, 0.00000e+0, 1.70963e+0, 0.00000e+0, 1.52027e+4, 0.00000e+0, 1.83282e+4, 0.00000e+0, 3.82564e+2, 0.00000e+0, 1.73602e+0, 0.00000e+0, 3.88470e+2, 0.00000e+0, 5.04464e+2, 0.00000e+0, 2.80823e+1, 0.00000e+0, 2.97642e+1, 0.00000e+0, 2.74236e+0, 0.00000e+0, 2.41818e+0, 0.00000e+0, 2.00000e+1, 0.00000e+0, 7.00000e+0, 0.00000e+0, 3, -1, Disabled
06/17/2024 11:46:16.933, 06/17/2024 11:46:16.855, 4.11932e+0, 0.00000e+0, 9.85483e+1, 0.00000e+0, 1.72056e+0, 0.00000e+0, 1.51190e+4, 0.00000e+0, 1.76008e+4, 0.00000e+0, 3.80932e+2, 0.00000e+0, 1.74697e+0, 0.00000e+0, 3.86780e+2, 0.00000e+0, 5.04340e+2, 0.00000e+0, 2.80827e+1, 0.00000e+0, 2.97247e+1, 0.00000e+0, 2.74120e+0, 0.00000e+0, 2.41899e+0, 0.00000e+0, 2.00000e+1, 0.00000e+0, 7.00000e+0, 0.00000e+0, 3, -1, Disabled
06/17/2024 11:46:17.907, 06/17/2024 11:46:17.850, 4.11918e+0, 0.00000e+0, 9.85451e+1, 0.00000e+0, 1.71187e+0, 0.00000e+0, 1.56823e+4, 0.00000e+0, 1.85088e+4, 0.00000e+0, 3.82563e+2, 0.00000e+0, 1.73914e+0, 0.00000e+0, 3.88658e+2, 0.00000e+0, 5.04444e+2, 0.00000e+0, 2.80846e+1, 0.00000e+0, 2.97828e+1, 0.00000e+0, 2.74381e+0, 0.00000e+0, 2.41803e+0, 0.00000e+0, 2.00000e+1, 0.00000e+0, 7.00000e+0, 0.00000e+0, 3, -1, Disabled
06/17/2024 11:46:18.902, 06/17/2024 11:46:18.846, 4.11939e+0, 0.00000e+0, 9.85499e+1, 0.00000e+0, 1.71860e+0, 0.00000e+0, 1.55057e+4, 0.00000e+0, 1.80975e+4, 0.00000e+0, 3.82648e+2, 0.00000e+0, 1.74567e+0, 0.00000e+0, 3.88675e+2, 0.00000e+0, 5.04402e+2, 0.00000e+0, 2.80839e+1, 0.00000e+0, 2.97338e+1, 0.00000e+0, 2.74270e+0, 0.00000e+0, 2.41841e+0, 0.00000e+0, 2.00000e+1, 0.00000e+0, 7.00000e+0, 0.00000e+0, 3, -1, Disabled
06/17/2024 11:46:19.923, 06/17/2024 11:46:19.839, 4.11867e+0, 0.00000e+0, 9.85328e+1, 0.00000e+0, 1.71910e+0, 0.00000e+0, 1.56189e+4, 0.00000e+0, 1.84977e+4, 0.00000e+0, 3.84643e+2, 0.00000e+0, 1.74638e+0, 0.00000e+0, 3.90746e+2, 0.00000e+0, 5.04352e+2, 0.00000e+0, 2.80890e+1, 0.00000e+0, 2.97787e+1, 0.00000e+0, 2.74114e+0, 0.00000e+0, 2.41781e+0, 0.00000e+0, 2.00000e+1, 0.00000e+0, 7.00000e+0, 0.00000e+0, 3, -1, Disabled
