SN:3K60180500001585 BD:Jul 23 2018 VC:834b9c1 MD5:48f99e4865ed8b810be1bb0eaaabf929
SysTime,                      Time,         Batt_v,      Batt_v_sd,   BATT_PERCENT,BATT_PERCENT_sd,      [CH4]_ppm,   [CH4]_ppm_sd,      [H2O]_ppm,   [H2O]_ppm_sd,     [H2Oa]_ppm,  [H2Oa]_ppm_sd,      [CO2]_ppm,   [CO2]_ppm_sd,     [CH4]d_ppm,  [CH4]d_ppm_sd,     [CO2]d_ppm,  [CO2]d_ppm_sd,      GasP_torr,   GasP_torr_sd,         GasT_C,      GasT_C_sd,         AmbT_C,      AmbT_C_sd,         RD0_us,      RD0_us_sd,         RD1_us,      RD1_us_sd, Temp_Status_mA,Temp_Status_mA_sd,Analyzer_Status_mA,Analyzer_Status_mA_sd,       Fit_Flag,      MIU_VALVE,       MIU_DESC
06/18/2024 13:42:07.163, 06/18/2024 13:42:07.108, 4.11401e+0, 0.00000e+0, 4.92106e+1, 0.00000e+0, 1.72427e+0, 0.00000e+0, 1.47646e+4, 0.00000e+0, 1.95001e+4, 0.00000e+0, 4.27890e+2, 0.00000e+0, 8.75055e-1, 0.00000e+0, 2.17151e+2, 0.00000e+0, 5.03800e+2, 0.00000e+0, 3.54872e+1, 0.00000e+0, 3.74508e+1, 0.00000e+0, 2.76262e+0, 0.00000e+0, 2.43703e+0, 0.00000e+0, 2.00000e+1, 0.00000e+0, 1.50000e+1, 0.00000e+0, 2, -1, Disabled
06/18/2024 13:42:08.165, 06/18/2024 13:42:08.088, 4.11397e+0, 0.00000e+0, 9.84203e+1, 0.00000e+0, 1.73421e+0, 0.00000e+0, 1.56404e+4, 0.00000e+0, 2.00465e+4, 0.00000e+0, 4.30255e+2, 0.00000e+0, 1.76177e+0, 0.00000e+0, 4.37091e+2, 0.00000e+0, 5.03963e+2, 0.00000e+0, 3.55025e+1, 0.00000e+0, 3.74877e+1, 0.00000e+0, 2.76192e+0, 0.00000e+0, 2.43682e+0, 0.00000e+0, 2.00000e+1, 0.00000e+0, 1.50000e+1, 0.00000e+0, 2, -1, Disabled
06/18/2024 13:42:09.175, 06/18/2024 13:42:09.089, 4.11501e+0, 0.00000e+0, 9.84453e+1, 0.00000e+0, 1.72897e+0, 0.00000e+0, 1.61815e+4, 0.00000e+0, 2.03664e+4, 0.00000e+0, 4.28412e+2, 0.00000e+0, 1.75741e+0, 0.00000e+0, 4.35458e+2, 0.00000e+0, 5.03782e+2, 0.00000e+0, 3.54990e+1, 0.00000e+0, 3.74407e+1, 0.00000e+0, 2.76261e+0, 0.00000e+0, 2.43751e+0, 0.00000e+0, 2.00000e+1, 0.00000e+0, 1.50000e+1, 0.00000e+0, 2, -1, Disabled
06/18/2024 13:42:10.166, 06/18/2024 13:42:10.084, 4.11497e+0, 0.00000e+0, 9.84443e+1, 0.00000e+0, 1.73331e+0, 0.00000e+0, 1.61976e+4, 0.00000e+0, 1.99942e+4, 0.00000e+0, 4.28632e+2, 0.00000e+0, 1.76185e+0, 0.00000e+0, 4.35689e+2, 0.00000e+0, 5.03929e+2, 0.00000e+0, 3.54902e+1, 0.00000e+0, 3.74707e+1, 0.00000e+0, 2.76349e+0, 0.00000e+0, 2.43872e+0, 0.00000e+0, 2.00000e+1, 0.00000e+0, 1.50000e+1, 0.00000e+0, 2, -1, Disabled
06/18/2024 13:42:11.169, 06/18/2024 13:42:11.097, 4.11319e+0, 0.00000e+0, 9.84016e+1, 0.00000e+0, 1.73204e+0, 0.00000e+0, 1.62828e+4, 0.00000e+0, 1.98844e+4, 0.00000e+0, 4.28677e+2, 0.00000e+0, 1.76071e+0, 0.00000e+0, 4.35773e+2, 0.00000e+0, 5.03688e+2, 0.00000e+0, 3.54975e+1, 0.00000e+0, 3.74221e+1, 0.00000e+0, 2.76254e+0, 0.00000e+0, 2.43883e+0, 0.00000e+0, 2.00000e+1, 0.00000e+0, 1.50000e+1, 0.00000e+0, 2, -1, Disabled
06/18/2024 13:42:12.147, 06/18/2024 13:42:12.072, 4.11378e+0, 0.00000e+0, 9.84158e+1, 0.00000e+0, 1.73260e+0, 0.00000e+0, 1.61922e+4, 0.00000e+0, 2.02846e+4, 0.00000e+0, 4.30056e+2, 0.00000e+0, 1.76111e+0, 0.00000e+0, 4.37134e+2, 0.00000e+0, 5.03954e+2, 0.00000e+0, 3.54986e+1, 0.00000e+0, 3.74812e+1, 0.00000e+0, 2.76363e+0, 0.00000e+0, 2.43794e+0, 0.00000e+0, 2.00000e+1, 0.00000e+0, 1.50000e+1, 0.00000e+0, 2, -1, Disabled
06/18/2024 13:42:13.122, 06/18/2024 13:42:13.067, 4.11485e+0, 0.00000e+0, 9.84413e+1, 0.00000e+0, 1.73301e+0, 0.00000e+0, 1.65002e+4, 0.00000e+0, 2.01242e+4, 0.00000e+0, 4.28424e+2, 0.00000e+0, 1.76209e+0, 0.00000e+0, 4.35612e+2, 0.00000e+0, 5.03760e+2, 0.00000e+0, 3.54954e+1, 0.00000e+0, 3.74503e+1, 0.00000e+0, 2.76401e+0, 0.00000e+0, 2.43842e+0, 0.00000e+0, 2.00000e+1, 0.00000e+0, 1.50000e+1, 0.00000e+0, 2, -1, Disabled
06/18/2024 13:42:14.181, 06/18/2024 13:42:14.104, 4.11409e+0, 0.00000e+0, 9.84232e+1, 0.00000e+0, 1.73295e+0, 0.00000e+0, 1.69788e+4, 0.00000e+0, 2.03464e+4, 0.00000e+0, 4.28551e+2, 0.00000e+0, 1.76288e+0, 0.00000e+0, 4.35953e+2, 0.00000e+0, 5.03905e+2, 0.00000e+0, 3.54893e+1, 0.00000e+0, 3.74837e+1, 0.00000e+0, 2.76406e+0, 0.00000e+0, 2.43762e+0, 0.00000e+0, 2.00000e+1, 0.00000e+0, 1.50000e+1, 0.00000e+0, 2, -1, Disabled
06/18/2024 13:42:15.163, 06/18/2024 13:42:15.056, 4.11471e+0, 0.00000e+0, 9.84380e+1, 0.00000e+0, 1.73369e+0, 0.00000e+0, 1.67076e+4, 0.00000e+0, 2.00978e+4, 0.00000e+0, 4.27150e+2, 0.00000e+0, 1.76314e+0, 0.00000e+0, 4.34407e+2, 0.00000e+0, 5.03821e+2, 0.00000e+0, 3.54921e+1, 0.00000e+0, 3.74599e+1, 0.00000e+0, 2.76251e+0, 0.00000e+0, 2.43855e+0, 0.00000e+0, 2.00000e+1, 0.00000e+0, 1.50000e+1, 0.00000e+0, 2, -1, Disabled
